#reader(lib"read.ss""wxme")WXME0108 ## 
#|
   This file uses the GRacket editor format.
   Open this file in DrRacket version 6.1 or later to read it.

   Most likely, it was created by saving a program in DrRacket,
   and it probably contains a program with non-text elements
   (such as images or comment boxes).

            http://racket-lang.org/
|#
 31 7 #"wxtext\0"
3 1 6 #"wxtab\0"
1 1 8 #"wximage\0"
2 0 8 #"wxmedia\0"
4 1 34 #"(lib \"syntax-browser.ss\" \"mrlib\")\0"
1 0 16 #"drscheme:number\0"
3 0 44 #"(lib \"number-snip.ss\" \"drscheme\" \"private\")\0"
1 0 36 #"(lib \"comment-snip.ss\" \"framework\")\0"
1 0 93
(
 #"((lib \"collapsed-snipclass.ss\" \"framework\") (lib \"collapsed-sni"
 #"pclass-wxme.ss\" \"framework\"))\0"
) 0 0 43 #"(lib \"collapsed-snipclass.ss\" \"framework\")\0"
0 0 19 #"drscheme:sexp-snip\0"
0 0 36 #"(lib \"cache-image-snip.ss\" \"mrlib\")\0"
1 0 68
(
 #"((lib \"image-core.ss\" \"mrlib\") (lib \"image-core-wxme.rkt\" \"mr"
 #"lib\"))\0"
) 1 0 29 #"drscheme:bindings-snipclass%\0"
1 0 88
(
 #"((lib \"pict-snip.rkt\" \"drracket\" \"private\") (lib \"pict-snip.r"
 #"kt\" \"drracket\" \"private\"))\0"
) 0 0 34 #"(lib \"bullet-snip.rkt\" \"browser\")\0"
0 0 25 #"(lib \"matrix.ss\" \"htdp\")\0"
1 0 22 #"drscheme:lambda-snip%\0"
1 0 29 #"drclickable-string-snipclass\0"
0 0 26 #"drracket:spacer-snipclass\0"
0 0 57
#"(lib \"hrule-snip.rkt\" \"macro-debugger\" \"syntax-browser\")\0"
1 0 26 #"drscheme:pict-value-snip%\0"
0 0 45 #"(lib \"image-snipr.ss\" \"slideshow\" \"private\")\0"
1 0 38 #"(lib \"pict-snipclass.ss\" \"slideshow\")\0"
2 0 55 #"(lib \"vertical-separator-snip.ss\" \"stepper\" \"private\")\0"
1 0 18 #"drscheme:xml-snip\0"
1 0 31 #"(lib \"xml-snipclass.ss\" \"xml\")\0"
1 0 21 #"drscheme:scheme-snip\0"
2 0 34 #"(lib \"scheme-snipclass.ss\" \"xml\")\0"
1 0 10 #"text-box%\0"
1 0 32 #"(lib \"text-snipclass.ss\" \"xml\")\0"
1 0 1 6 #"wxloc\0"
          0 0 75 0 1 #"\0"
0 75 1 #"\0"
0 12 90 -1 90 -1 3 -1 0 1 0 1 0 0 0 0 0 0 0 0 0 0 0 255 255 255 1 -1 0 9
#"Standard\0"
0 75 10 #"Monospace\0"
0 12 90 -1 90 -1 3 -1 0 1 0 1 0 0 0 0 0 0 0 0 0 0 0 255 255 255 1 -1 2 1
#"\0"
0 -1 1 #"\0"
1 0 -1 -1 -1 -1 -1 -1 0 0 0 0 0 0 1 1 1 1 1 1 0 0 0 0 0 0 -1 -1 2 24
#"framework:default-color\0"
0 -1 1 #"\0"
1 0 -1 -1 -1 -1 -1 -1 0 0 0 0 0 1 0 0 0 0 0 0 0 0 0 255 255 255 -1 -1 2
1 #"\0"
0 -1 1 #"\0"
1 0 -1 -1 -1 -1 -1 -1 0 0 0 0 0 0 0 0 0 1 1 1 150 0 150 0 0 0 -1 -1 2 15
#"text:ports out\0"
0 -1 1 #"\0"
1 0 -1 92 -1 93 -1 -1 0 1 0 0 0 0 0 0 0 1 1 1 150 0 150 0 0 0 -1 -1 2 1
#"\0"
0 -1 1 #"\0"
1.0 0 -1 -1 93 -1 -1 -1 0 0 0 0 0 0 0 0 0 1.0 1.0 1.0 255 0 0 0 0 0 -1
-1 2 15 #"text:ports err\0"
0 -1 1 #"\0"
1 0 -1 92 93 -1 -1 -1 0 1 0 0 0 0 0 0 0 1 1 1 255 0 0 0 0 0 -1 -1 2 1
#"\0"
0 -1 1 #"\0"
1 0 -1 -1 -1 -1 -1 -1 0 0 0 0 0 0 0 0 0 1 1 1 0 0 175 0 0 0 -1 -1 2 17
#"text:ports value\0"
0 -1 1 #"\0"
1 0 -1 92 -1 93 -1 -1 0 1 0 0 0 0 0 0 0 1 1 1 0 0 175 0 0 0 -1 -1 2 1
#"\0"
0 -1 1 #"\0"
1.0 0 92 -1 -1 -1 -1 -1 0 0 0 0 0 0 0 0 0 1.0 1.0 1.0 34 139 34 0 0 0 -1
-1 2 27 #"Matching Parenthesis Style\0"
0 -1 1 #"\0"
1.0 0 92 -1 -1 -1 -1 -1 0 0 0 0 0 0 0 0 0 1.0 1.0 1.0 34 139 34 0 0 0 -1
-1 2 1 #"\0"
0 -1 1 #"\0"
1 0 -1 92 -1 93 -1 -1 0 1 0 0 0 0 0 0 0 1 1 1 38 38 128 0 0 0 -1 -1 2 37
#"framework:syntax-color:scheme:symbol\0"
0 -1 1 #"\0"
1 0 -1 92 -1 93 -1 -1 0 1 0 0 0 0 0 0 0 1 1 1 38 38 128 0 0 0 -1 -1 2 38
#"framework:syntax-color:scheme:keyword\0"
0 -1 1 #"\0"
1 0 -1 92 -1 93 -1 -1 0 1 0 0 0 0 0 0 0 1 1 1 38 38 128 0 0 0 -1 -1 2 1
#"\0"
0 -1 1 #"\0"
1 0 -1 92 -1 93 -1 -1 0 1 0 0 0 0 0 0 0 1 1 1 194 116 31 0 0 0 -1 -1 2
38 #"framework:syntax-color:scheme:comment\0"
0 -1 1 #"\0"
1 0 -1 92 -1 93 -1 -1 0 1 0 0 0 0 0 0 0 1 1 1 194 116 31 0 0 0 -1 -1 2 1
#"\0"
0 -1 1 #"\0"
1 0 -1 92 -1 93 -1 -1 0 1 0 0 0 0 0 0 0 1 1 1 41 128 38 0 0 0 -1 -1 2 37
#"framework:syntax-color:scheme:string\0"
0 -1 1 #"\0"
1 0 -1 92 -1 93 -1 -1 0 1 0 0 0 0 0 0 0 1 1 1 41 128 38 0 0 0 -1 -1 2 35
#"framework:syntax-color:scheme:text\0"
0 -1 1 #"\0"
1 0 -1 92 -1 93 -1 -1 0 1 0 0 0 0 0 0 0 1 1 1 41 128 38 0 0 0 -1 -1 2 39
#"framework:syntax-color:scheme:constant\0"
0 -1 1 #"\0"
1 0 -1 92 -1 93 -1 -1 0 1 0 0 0 0 0 0 0 1 1 1 41 128 38 0 0 0 -1 -1 2 1
#"\0"
0 -1 1 #"\0"
1 0 -1 92 -1 93 -1 -1 0 1 0 0 0 0 0 0 0 1 1 1 132 60 36 0 0 0 -1 -1 2 49
#"framework:syntax-color:scheme:hash-colon-keyword\0"
0 -1 1 #"\0"
1 0 -1 92 -1 93 -1 -1 0 1 0 0 0 0 0 0 0 1 1 1 132 60 36 0 0 0 -1 -1 2 42
#"framework:syntax-color:scheme:parenthesis\0"
0 -1 1 #"\0"
1 0 -1 92 -1 93 -1 -1 0 1 0 0 0 0 0 0 0 1 1 1 132 60 36 0 0 0 -1 -1 2 1
#"\0"
0 -1 1 #"\0"
1 0 -1 92 -1 93 -1 -1 0 1 0 0 0 0 0 0 0 1 1 1 255 0 0 0 0 0 -1 -1 2 36
#"framework:syntax-color:scheme:error\0"
0 -1 1 #"\0"
1 0 -1 92 -1 93 -1 -1 0 1 0 0 0 0 0 0 0 1 1 1 255 0 0 0 0 0 -1 -1 2 1
#"\0"
0 -1 1 #"\0"
1 0 -1 92 -1 93 -1 -1 0 1 0 0 0 0 0 0 0 1 1 1 0 0 0 0 0 0 -1 -1 2 36
#"framework:syntax-color:scheme:other\0"
0 -1 1 #"\0"
1 0 -1 92 -1 93 -1 -1 0 1 0 0 0 0 0 0 0 1 1 1 0 0 0 0 0 0 -1 -1 2 16
#"Misspelled Text\0"
0 -1 1 #"\0"
1 0 -1 -1 -1 -1 -1 -1 0 0 0 0 0 0 0 0 0 1 1 1 0 0 0 0 0 0 -1 -1 2 1
#"\0"
0 -1 1 #"\0"
1 0 -1 92 -1 93 -1 -1 0 1 0 0 0 0 0 0 0 1 1 1 81 112 203 0 0 0 -1 -1 2
38 #"drracket:check-syntax:lexically-bound\0"
0 -1 1 #"\0"
1 0 -1 92 -1 93 -1 -1 0 1 0 0 0 0 0 0 0 1 1 1 81 112 203 0 0 0 -1 -1 2 1
#"\0"
0 -1 1 #"\0"
1 0 -1 92 -1 93 -1 -1 0 1 0 0 0 0 0 0 0 1 1 1 178 34 34 0 0 0 -1 -1 2 28
#"drracket:check-syntax:set!d\0"
0 -1 1 #"\0"
1 0 -1 92 -1 93 -1 -1 0 1 0 0 0 0 0 0 0 1 1 1 178 34 34 0 0 0 -1 -1 2 37
#"drracket:check-syntax:unused-require\0"
0 -1 1 #"\0"
1 0 -1 92 -1 93 -1 -1 0 1 0 0 0 0 0 0 0 1 1 1 255 0 0 0 0 0 -1 -1 2 36
#"drracket:check-syntax:free-variable\0"
0 -1 1 #"\0"
1 0 -1 92 -1 93 -1 -1 0 1 0 0 0 0 0 0 0 1 1 1 255 0 0 0 0 0 -1 -1 2 1
#"\0"
0 -1 1 #"\0"
1 0 -1 92 -1 93 -1 -1 0 1 0 0 0 0 0 0 0 1 1 1 68 0 203 0 0 0 -1 -1 2 31
#"drracket:check-syntax:imported\0"
0 -1 1 #"\0"
1 0 -1 92 -1 93 -1 -1 0 1 0 0 0 0 0 0 0 1 1 1 68 0 203 0 0 0 -1 -1 2 47
#"drracket:check-syntax:my-obligation-style-pref\0"
0 -1 1 #"\0"
1 0 -1 92 -1 93 -1 -1 0 1 0 0 0 0 0 0 0 1 1 1 178 34 34 0 0 0 -1 -1 2 1
#"\0"
0 -1 1 #"\0"
1 0 -1 92 -1 93 -1 -1 0 1 0 0 0 0 0 0 0 1 1 1 0 116 0 0 0 0 -1 -1 2 50
#"drracket:check-syntax:their-obligation-style-pref\0"
0 -1 1 #"\0"
1 0 -1 92 -1 93 -1 -1 0 1 0 0 0 0 0 0 0 1 1 1 0 116 0 0 0 0 -1 -1 2 48
#"drracket:check-syntax:unk-obligation-style-pref\0"
0 -1 1 #"\0"
1 0 -1 92 -1 93 -1 -1 0 1 0 0 0 0 0 0 0 1 1 1 0 0 0 0 0 0 -1 -1 2 1
#"\0"
0 -1 1 #"\0"
1 0 -1 92 -1 93 -1 -1 0 1 0 0 0 0 0 0 0 1 1 1 139 142 28 0 0 0 -1 -1 2
49 #"drracket:check-syntax:both-obligation-style-pref\0"
0 -1 1 #"\0"
1 0 -1 92 -1 93 -1 -1 0 1 0 0 0 0 0 0 0 1 1 1 139 142 28 0 0 0 -1 -1 2
26 #"plt:htdp:test-coverage-on\0"
0 -1 1 #"\0"
1 0 -1 92 -1 93 -1 -1 0 1 0 0 0 0 0 0 0 1 1 1 0 0 0 0 0 0 -1 -1 2 1
#"\0"
0 -1 1 #"\0"
1 0 -1 92 -1 93 -1 -1 0 1 0 0 0 1 0 0 0 0 0 0 255 165 0 0 0 0 -1 -1 2 27
#"plt:htdp:test-coverage-off\0"
0 -1 1 #"\0"
1 0 -1 92 -1 93 -1 -1 0 1 0 0 0 1 0 0 0 0 0 0 255 165 0 0 0 0 -1 -1 4 1
#"\0"
0 70 1 #"\0"
1.0 0 -1 -1 -1 -1 -1 -1 0 0 0 0 0 0 1.0 1.0 1.0 1.0 1.0 1.0 0 0 0 0 0 0
-1 -1 4 4 #"XML\0"
0 70 1 #"\0"
1.0 0 -1 -1 -1 -1 -1 -1 0 0 0 0 0 0 1.0 1.0 1.0 1.0 1.0 1.0 0 0 0 0 0 0
-1 -1 2 37 #"plt:module-language:test-coverage-on\0"
0 -1 1 #"\0"
1 0 -1 92 -1 93 -1 -1 0 1 0 0 0 0 0 0 0 1 1 1 0 0 0 0 0 0 -1 -1 2 38
#"plt:module-language:test-coverage-off\0"
0 -1 1 #"\0"
1 0 -1 92 -1 93 -1 -1 0 1 0 0 0 1 0 0 0 0 0 0 255 165 0 0 0 0 -1 -1 4 1
#"\0"
0 71 1 #"\0"
1.0 0 -1 -1 -1 -1 -1 -1 0 0 0 0 0 0 1.0 1.0 1.0 1.0 1.0 1.0 0 0 0 0 0 0
-1 -1 4 1 #"\0"
0 -1 1 #"\0"
1.0 0 -1 -1 -1 -1 -1 -1 1 0 0 0 0 0 0 0 0 1.0 1.0 1.0 0 0 255 0 0 0 -1
-1 4 1 #"\0"
0 71 1 #"\0"
1.0 0 -1 -1 -1 -1 -1 -1 1 0 0 0 0 0 0 0 0 1.0 1.0 1.0 0 0 255 0 0 0 -1
-1 4 1 #"\0"
0 71 1 #"\0"
1.0 0 -1 -1 -1 -1 -1 -1 0 0 0 0 0 0 0 0 0 1.0 1.0 1.0 0 100 0 0 0 0 -1
-1 0 1 #"\0"
0 75 10 #"Monospace\0"
0.0 12 90 -1 90 -1 3 -1 0 1 0 1 0 0 0.0 0.0 0.0 0.0 0.0 0.0 0 0 0 255
255 255 1 -1 2 1 #"\0"
0 -1 1 #"\0"
1.0 0 -1 -1 -1 -1 -1 -1 0 0 0 0 0 1 0.0 0.0 0.0 0.0 0.0 0.0 0 0 0 255
255 255 -1 -1 2 1 #"\0"
0 -1 1 #"\0"
1.0 0 -1 92 -1 93 -1 -1 0 1 0 0 0 0 0.0 0.0 0.0 1.0 1.0 1.0 150 0 150 0
0 0 -1 -1 2 1 #"\0"
0 -1 1 #"\0"
1.0 0 -1 92 93 -1 -1 -1 0 1 0 0 0 0 0.0 0.0 0.0 1.0 1.0 1.0 255 0 0 0 0
0 -1 -1 2 1 #"\0"
0 -1 1 #"\0"
1.0 0 -1 92 -1 93 -1 -1 0 1 0 0 0 0 0.0 0.0 0.0 1.0 1.0 1.0 0 0 175 0 0
0 -1 -1 2 1 #"\0"
0 -1 1 #"\0"
1.0 0 -1 -1 -1 -1 -1 -1 0 0 0 0 0 0 0.0 0.0 0.0 1.0 1.0 1.0 0 0 0 0 0 0
-1 -1 2 1 #"\0"
0 -1 1 #"\0"
1.0 0 -1 -1 -1 -1 -1 -1 0 0 0 0 0 0 0.0 0.0 0.0 1.0 1.0 1.0 200 0 0 0 0
0 -1 -1 4 1 #"\0"
0 -1 1 #"\0"
1.0 0 92 -1 -1 -1 -1 -1 0 0 0 0 0 1 0.0 0.0 0.0 0.0 0.0 0.0 0 0 0 255
255 0 -1 -1 0 1 #"\0"
0 -1 1 #"\0"
0.0 11 -1 -1 -1 -1 -1 -1 0 0 0 0 0 0 1.0 1.0 1.0 1.0 1.0 1.0 0 0 0 0 0 0
-1 -1 2 1 #"\0"
0 -1 1 #"\0"
0.0 11 -1 -1 -1 -1 -1 -1 0 0 0 0 0 0 1.0 1.0 1.0 1.0 1.0 1.0 0 0 0 0 0 0
-1 -1 17 1 #"\0"
0 -1 1 #"\0"
1.0 0 -1 -1 -1 -1 -1 -1 0 0 0 0 1 0 0.0 0.0 0.0 0.0 0.0 0.0 0 0 0 255
255 255 -1 -1 24 1 #"\0"
0 -1 1 #"\0"
1.0 0 -1 -1 -1 -1 -1 -1 0 0 0 0 1 0 0.0 0.0 0.0 0.0 0.0 0.0 0 0 0 255
255 255 -1 -1 15 1 #"\0"
0 -1 1 #"\0"
1.0 0 -1 -1 -1 -1 -1 -1 0 0 0 0 1 0 0.0 0.0 0.0 0.0 0.0 0.0 0 0 0 255
255 255 -1 -1 14 1 #"\0"
0 -1 1 #"\0"
1.0 0 -1 -1 -1 -1 -1 -1 0 0 0 0 1 0 0.0 0.0 0.0 0.0 0.0 0.0 0 0 0 255
255 255 -1 -1 4 1 #"\0"
0 -1 1 #"\0"
1.0 0 -1 -1 -1 -1 -1 -1 0 0 0 0 1 0 0.0 0.0 0.0 0.0 0.0 0.0 0 0 0 255
255 255 -1 -1 44 1 #"\0"
0 -1 1 #"\0"
1.0 0 -1 -1 -1 -1 -1 -1 0 0 0 0 1 0 0.0 0.0 0.0 0.0 0.0 0.0 0 0 0 255
255 255 -1 -1 46 1 #"\0"
0 -1 1 #"\0"
1.0 0 -1 -1 -1 -1 -1 -1 0 0 0 0 1 0 0.0 0.0 0.0 0.0 0.0 0.0 0 0 0 255
255 255 -1 -1 2 1 #"\0"
0 -1 1 #"\0"
1.0 0 -1 -1 -1 -1 -1 -1 1 0 0 0 0 0 1.0 1.0 1.0 1.0 1.0 1.0 0 0 0 0 0 0
-1 -1 2 1 #"\0"
0 -1 1 #"\0"
1.0 0 -1 -1 -1 -1 -1 -1 1 0 0 0 0 0 0.0 0.0 0.0 1.0 1.0 1.0 65 105 225 0
0 0 -1 -1 19 1 #"\0"
0 -1 1 #"\0"
1.0 0 -1 -1 -1 -1 -1 -1 0 0 0 0 1 0 0.0 0.0 0.0 0.0 0.0 0.0 0 0 0 255
255 255 -1 -1           0 1187 0 4 3 85
(
 #";; The first three lines of this file were inserted by DrRacket. The"
 #"y record metadata"
) 0 0 4 29 1 #"\n"
0 0 4 3 85
(
 #";; about the language level of this file in a form that our tools ca"
 #"n easily process."
) 0 0 4 29 1 #"\n"
0 0 4 3 212
(
 #"#reader(lib \"htdp-beginner-reader.ss\" \"lang\")((modname Arbitrari"
 #"ly-Large-Data:Finger-Exercises:Lists) (read-case-sensitive #t) (teac"
 #"hpacks ()) (htdp-settings #(#t constructor repeating-decimal #f #t n"
 #"one #f ())))"
) 0 0 4 29 1 #"\n"
0 0 24 3 1 #"("
0 0 15 3 7 #"require"
0 0 24 3 1 #" "
0 0 14 3 11 #"2htdp/image"
0 0 24 3 1 #")"
0 0 24 29 1 #"\n"
0 0 24 3 1 #"("
0 0 15 3 7 #"require"
0 0 24 3 1 #" "
0 0 14 3 14 #"2htdp/universe"
0 0 24 3 1 #")"
0 0 24 29 1 #"\n"
0 0 24 29 1 #"\n"
0 0 24 29 1 #"\n"
0 0 24 29 1 #"\n"
0 7         223 69           0 0           0 36 0 14 3 8 #"Exercise"
0 0 24 3 1 #" "
0 0 21 3 4 #"126."
0 0 24 3 1 #" "
0 0 14 3 6 #"Design"
0 0 24 3 1 #" "
0 0 14 3 3 #"the"
0 0 24 3 1 #" "
0 0 14 3 8 #"function"
0 0 24 3 1 #" "
0 0 14 3 4 #"pos?"
0 0 28 3 1 #","
0 0 24 3 1 #" "
0 0 14 3 5 #"which"
0 0 24 3 1 #" "
0 0 14 3 8 #"consumes"
0 0 24 3 1 #" "
0 0 14 3 1 #"a"
0 0 24 3 1 #" "
0 0 14 3 15 #"List-of-numbers"
0 0 24 3 1 #" "
0 0 14 3 3 #"and"
0 0 24 3 1 #" "
0 0 14 3 10 #"determines"
0 0 24 3 1 #" "
0 0 14 3 7 #"whether"
0 0 24 3 1 #" "
0 0 14 3 3 #"all"
0 0 24 3 1 #" "
0 0 14 3 7 #"numbers"
0 0 24 3 1 #" "
0 0 14 3 3 #"are"
0 0 24 3 1 #" "
0 0 14 3 8 #"positive"
0 0 24 3 1 #" "
0 0 14 3 8 #"numbers."
0           0 0 0 24 29 1 #"\n"
0 0 17 3 28 #"; A ListOfNumbers is one of:"
0 0 24 29 1 #"\n"
0 0 17 3 11 #"; \342\200\223 empty"
0 0 24 29 1 #"\n"
0 0 17 3 33 #"; \342\200\223 (cons Number ListOfNumbers)"
0 0 24 29 1 #"\n"
0 0 17 3 26 #";interp. a list of Numbers"
0 0 24 29 1 #"\n"
0 0 24 3 1 #"("
0 0 15 3 6 #"define"
0 0 24 3 1 #" "
0 0 14 3 2 #"L1"
0 0 24 3 1 #" "
0 0 14 3 5 #"empty"
0 0 24 3 1 #")"
0 0 24 29 1 #"\n"
0 0 24 3 1 #"("
0 0 15 3 6 #"define"
0 0 24 3 1 #" "
0 0 14 3 2 #"L2"
0 0 24 3 2 #" ("
0 0 14 3 4 #"cons"
0 0 24 3 1 #" "
0 0 21 3 1 #"2"
0 0 24 3 1 #" "
0 0 14 3 5 #"empty"
0 0 24 3 2 #"))"
0 0 24 29 1 #"\n"
0 0 24 3 1 #"("
0 0 15 3 6 #"define"
0 0 24 3 1 #" "
0 0 14 3 2 #"L3"
0 0 24 3 2 #" ("
0 0 14 3 4 #"cons"
0 0 24 3 1 #" "
0 0 21 3 1 #"3"
0 0 24 3 2 #" ("
0 0 14 3 4 #"cons"
0 0 24 3 1 #" "
0 0 21 3 1 #"2"
0 0 24 3 1 #" "
0 0 14 3 5 #"empty"
0 0 24 3 3 #")))"
0 0 24 29 1 #"\n"
0 0 17 3 2 #"#;"
0 0 24 29 1 #"\n"
0 0 24 3 1 #"("
0 0 15 3 6 #"define"
0 0 24 3 2 #" ("
0 0 14 3 10 #"fn-for-lon"
0 0 24 3 1 #" "
0 0 14 3 3 #"lon"
0 0 24 3 1 #")"
0 0 24 29 1 #"\n"
0 0 24 3 3 #"  ("
0 0 15 3 4 #"cond"
0 0 24 3 3 #" [("
0 0 14 3 6 #"empty?"
0 0 24 3 1 #" "
0 0 14 3 3 #"lon"
0 0 24 3 3 #") ("
0 0 14 3 3 #"..."
0 0 24 3 21 #")]                   "
0 0 17 3 10 #";BASE CASE"
0 0 24 29 1 #"\n"
0 0 24 3 9 #"        ["
0 0 14 3 4 #"else"
0 0 24 3 2 #" ("
0 0 14 3 3 #"..."
0 0 24 3 2 #" ("
0 0 14 3 5 #"first"
0 0 24 3 1 #" "
0 0 14 3 3 #"lon"
0 0 24 3 18 #")                 "
0 0 17 3 7 #";Number"
0 0 24 29 1 #"\n"
0 0 24 3 20 #"                   ("
0 0 14 3 10 #"fn-for-lon"
0 0 24 3 2 #" ("
0 0 14 3 4 #"rest"
0 0 24 3 1 #" "
0 0 14 3 3 #"lon"
0 0 24 3 7 #")))])) "
0 0 17 3 18 #";NATURAL RECURSION"
0 0 24 29 1 #"\n"
0 0 17 3 23 #";; Template rules used:"
0 0 24 29 1 #"\n"
0 0 17 3 21 #";;  - one of: 2 cases"
0 0 24 29 1 #"\n"
0 0 17 3 28 #";;  - atomic distinct: empty"
0 0 24 29 1 #"\n"
0 0 17 3 42 #";;  - compound: (cons Number ListOfNumber)"
0 0 24 29 1 #"\n"
0 0 17 3 48 #";;  - self-reference: (rest lon) is ListOfNumber"
0 0 24 29 1 #"\n"
0 0 24 29 1 #"\n"
0 0 17 3 23 #";ListOfNumbers->Boolean"
0 0 24 29 1 #"\n"
0 0 17 3 75
(
 #";interp. produce true if all numbers in ListOfNumbers are positive n"
 #"umbers."
) 0 0 24 29 1 #"\n"
0 0 24 3 1 #"("
0 0 14 3 12 #"check-expect"
0 0 24 3 2 #" ("
0 0 14 3 4 #"pos?"
0 0 24 3 1 #" "
0 0 14 3 5 #"empty"
0 0 24 3 2 #") "
0 0 14 3 4 #"true"
0 0 24 3 1 #")"
0 0 24 29 1 #"\n"
0 0 24 3 1 #"("
0 0 14 3 12 #"check-expect"
0 0 24 3 2 #" ("
0 0 14 3 4 #"pos?"
0 0 24 3 2 #" ("
0 0 14 3 4 #"cons"
0 0 24 3 1 #" "
0 0 21 3 1 #"1"
0 0 24 3 1 #" "
0 0 14 3 5 #"empty"
0 0 24 3 3 #")) "
0 0 14 3 4 #"true"
0 0 24 3 1 #")"
0 0 24 29 1 #"\n"
0 0 24 3 1 #"("
0 0 14 3 12 #"check-expect"
0 0 24 3 2 #" ("
0 0 14 3 4 #"pos?"
0 0 24 3 2 #" ("
0 0 14 3 4 #"cons"
0 0 24 3 1 #" "
0 0 21 3 2 #"-1"
0 0 24 3 1 #" "
0 0 14 3 5 #"empty"
0 0 24 3 3 #")) "
0 0 14 3 5 #"false"
0 0 24 3 1 #")"
0 0 24 29 1 #"\n"
0 0 24 3 1 #"("
0 0 14 3 12 #"check-expect"
0 0 24 3 2 #" ("
0 0 14 3 4 #"pos?"
0 0 24 3 2 #" ("
0 0 14 3 4 #"cons"
0 0 24 3 1 #" "
0 0 21 3 1 #"2"
0 0 24 3 2 #" ("
0 0 14 3 4 #"cons"
0 0 24 3 1 #" "
0 0 21 3 1 #"1"
0 0 24 3 1 #" "
0 0 14 3 5 #"empty"
0 0 24 3 4 #"))) "
0 0 14 3 4 #"true"
0 0 24 3 1 #")"
0 0 24 29 1 #"\n"
0 0 24 3 1 #"("
0 0 14 3 12 #"check-expect"
0 0 24 3 2 #" ("
0 0 14 3 4 #"pos?"
0 0 24 3 2 #" ("
0 0 14 3 4 #"cons"
0 0 24 3 1 #" "
0 0 21 3 1 #"2"
0 0 24 3 2 #" ("
0 0 14 3 4 #"cons"
0 0 24 3 1 #" "
0 0 21 3 2 #"-1"
0 0 24 3 1 #" "
0 0 14 3 5 #"empty"
0 0 24 3 4 #"))) "
0 0 14 3 5 #"false"
0 0 24 3 1 #")"
0 0 24 29 1 #"\n"
0 0 24 29 1 #"\n"
0 0 17 3 2 #";("
0 0 17 3 30 #"define (pos? lon) false) ;stub"
0 0 24 29 1 #"\n"
0 0 24 3 1 #"("
0 0 15 3 6 #"define"
0 0 24 3 2 #" ("
0 0 14 3 4 #"pos?"
0 0 24 3 1 #" "
0 0 14 3 3 #"lon"
0 0 24 3 1 #")"
0 0 24 29 1 #"\n"
0 0 24 3 3 #"  ("
0 0 15 3 4 #"cond"
0 0 24 3 3 #" [("
0 0 14 3 6 #"empty?"
0 0 24 3 1 #" "
0 0 14 3 3 #"lon"
0 0 24 3 2 #") "
0 0 14 3 4 #"true"
0 0 24 3 26 #"]                         "
0 0 17 3 10 #";BASE CASE"
0 0 24 29 1 #"\n"
0 0 24 3 9 #"        ["
0 0 14 3 4 #"else"
0 0 24 3 2 #" ("
0 0 14 3 3 #"and"
0 0 24 3 2 #" ("
0 0 14 3 1 #">"
0 0 24 3 2 #" ("
0 0 14 3 5 #"first"
0 0 24 3 1 #" "
0 0 14 3 3 #"lon"
0 0 24 3 2 #") "
0 0 21 3 1 #"0"
0 0 24 3 17 #")                "
0 0 17 3 7 #";Number"
0 0 24 29 1 #"\n"
0 0 24 3 20 #"                   ("
0 0 14 3 4 #"pos?"
0 0 24 3 2 #" ("
0 0 14 3 4 #"rest"
0 0 24 3 1 #" "
0 0 14 3 3 #"lon"
0 0 24 3 18 #")))]))            "
0 0 17 3 18 #";NATURAL RECURSION"
0 0 24 29 1 #"\n"
0 0 24 29 1 #"\n"
0 7         805 69           0 0           0 133 0 14 3 8 #"Exercise"
0 0 24 3 1 #" "
0 0 21 3 4 #"127."
0 0 24 3 1 #" "
0 0 14 3 6 #"Design"
0 0 24 3 1 #" "
0 0 14 3 3 #"the"
0 0 24 3 1 #" "
0 0 14 3 8 #"function"
0 0 24 3 1 #" "
0 0 14 3 8 #"all-true"
0 0 28 3 1 #","
0 0 24 3 1 #" "
0 0 14 3 5 #"which"
0 0 24 3 1 #" "
0 0 14 3 8 #"consumes"
0 0 24 3 1 #" "
0 0 14 3 1 #"a"
0 0 24 3 1 #" "
0 0 14 3 4 #"list"
0 0 24 3 1 #" "
0 0 14 3 2 #"of"
0 0 24 3 1 #" "
0 0 14 3 7 #"Boolean"
0 0 24 3 1 #" "
0 0 14 3 6 #"values"
0 0 24 3 1 #" "
0 0 14 3 3 #"and"
0 0 24 3 1 #" "
0 0 24 29 1 #"\n"
0 0 14 3 10 #"determines"
0 0 24 3 1 #" "
0 0 14 3 7 #"whether"
0 0 24 3 1 #" "
0 0 14 3 3 #"all"
0 0 24 3 1 #" "
0 0 14 3 2 #"of"
0 0 24 3 1 #" "
0 0 14 3 4 #"them"
0 0 24 3 1 #" "
0 0 14 3 3 #"are"
0 0 24 3 1 #" "
0 0 14 3 5 #"true."
0 0 24 3 1 #" "
0 0 14 3 2 #"In"
0 0 24 3 1 #" "
0 0 14 3 5 #"other"
0 0 24 3 1 #" "
0 0 14 3 5 #"words"
0 0 28 3 1 #","
0 0 24 3 1 #" "
0 0 14 3 2 #"if"
0 0 24 3 1 #" "
0 0 14 3 5 #"there"
0 0 24 3 1 #" "
0 0 14 3 2 #"is"
0 0 24 3 1 #" "
0 0 14 3 3 #"any"
0 0 24 3 1 #" "
0 0 14 3 5 #"false"
0 0 24 3 1 #" "
0 0 14 3 2 #"on"
0 0 24 3 1 #" "
0 0 14 3 3 #"the"
0 0 24 3 1 #" "
0 0 14 3 4 #"list"
0 0 28 3 1 #","
0 0 24 3 1 #" "
0 0 24 29 1 #"\n"
0 0 14 3 3 #"the"
0 0 24 3 1 #" "
0 0 14 3 8 #"function"
0 0 24 3 1 #" "
0 0 14 3 8 #"produces"
0 0 24 3 1 #" "
0 0 14 3 5 #"false"
0 0 28 3 1 #","
0 0 14 3 9 #"otherwise"
0 0 24 3 1 #" "
0 0 14 3 2 #"it"
0 0 24 3 1 #" "
0 0 14 3 8 #"produces"
0 0 24 3 1 #" "
0 0 14 3 5 #"true."
0 0 24 29 1 #"\n"
0 0 14 3 4 #"Also"
0 0 24 3 1 #" "
0 0 14 3 6 #"design"
0 0 24 3 1 #" "
0 0 14 3 3 #"the"
0 0 24 3 1 #" "
0 0 14 3 8 #"function"
0 0 24 3 1 #" "
0 0 14 3 8 #"one-true"
0 0 28 3 1 #","
0 0 24 3 1 #" "
0 0 14 3 5 #"which"
0 0 24 3 1 #" "
0 0 14 3 8 #"consumes"
0 0 24 3 1 #" "
0 0 14 3 1 #"a"
0 0 24 3 1 #" "
0 0 14 3 4 #"list"
0 0 24 3 1 #" "
0 0 14 3 2 #"of"
0 0 24 3 1 #" "
0 0 14 3 7 #"Boolean"
0 0 24 3 1 #" "
0 0 14 3 6 #"values"
0 0 24 3 1 #" "
0 0 14 3 3 #"and"
0 0 24 29 1 #"\n"
0 0 14 3 10 #"determines"
0 0 24 3 1 #" "
0 0 14 3 7 #"whether"
0 0 24 3 1 #" "
0 0 14 3 2 #"at"
0 0 24 3 1 #" "
0 0 14 3 5 #"least"
0 0 24 3 1 #" "
0 0 14 3 3 #"one"
0 0 24 3 1 #" "
0 0 14 3 4 #"item"
0 0 24 3 1 #" "
0 0 14 3 2 #"on"
0 0 24 3 1 #" "
0 0 14 3 3 #"the"
0 0 24 3 1 #" "
0 0 14 3 4 #"list"
0 0 24 3 1 #" "
0 0 14 3 2 #"is"
0 0 24 3 1 #" "
0 0 14 3 5 #"true."
0           0 0 0 24 29 1 #"\n"
0 0 17 3 26 #";ListOfBooleans is one of:"
0 0 24 29 1 #"\n"
0 0 17 3 8 #";- empty"
0 0 24 29 1 #"\n"
0 0 17 3 32 #";- (cons Boolean ListOfBooleans)"
0 0 24 29 1 #"\n"
0 0 17 3 25 #";interp. list of Booleans"
0 0 24 29 1 #"\n"
0 0 24 3 1 #"("
0 0 15 3 6 #"define"
0 0 24 3 1 #" "
0 0 14 3 3 #"LB1"
0 0 24 3 1 #" "
0 0 14 3 5 #"empty"
0 0 24 3 1 #")"
0 0 24 29 1 #"\n"
0 0 24 3 1 #"("
0 0 15 3 6 #"define"
0 0 24 3 1 #" "
0 0 14 3 3 #"LB2"
0 0 24 3 2 #" ("
0 0 14 3 4 #"cons"
0 0 24 3 1 #" "
0 0 14 3 4 #"true"
0 0 24 3 1 #" "
0 0 14 3 5 #"empty"
0 0 24 3 2 #"))"
0 0 24 29 1 #"\n"
0 0 24 3 1 #"("
0 0 15 3 6 #"define"
0 0 24 3 1 #" "
0 0 14 3 3 #"LB3"
0 0 24 3 2 #" ("
0 0 14 3 4 #"cons"
0 0 24 3 1 #" "
0 0 14 3 5 #"false"
0 0 24 3 2 #" ("
0 0 14 3 4 #"cons"
0 0 24 3 1 #" "
0 0 14 3 4 #"true"
0 0 24 3 1 #" "
0 0 14 3 5 #"empty"
0 0 24 3 3 #")))"
0 0 24 29 1 #"\n"
0 0 24 29 1 #"\n"
0 0 17 3 2 #"#;"
0 0 24 29 1 #"\n"
0 0 24 3 1 #"("
0 0 15 3 6 #"define"
0 0 24 3 2 #" ("
0 0 14 3 10 #"fn-for-lob"
0 0 24 3 1 #" "
0 0 14 3 3 #"lob"
0 0 24 3 1 #")"
0 0 24 29 1 #"\n"
0 0 24 3 3 #"  ("
0 0 15 3 4 #"cond"
0 0 24 3 3 #" [("
0 0 14 3 6 #"empty?"
0 0 24 3 1 #" "
0 0 14 3 3 #"lob"
0 0 24 3 3 #") ("
0 0 14 3 3 #"..."
0 0 24 3 21 #")]                   "
0 0 17 3 10 #";BASE CASE"
0 0 24 29 1 #"\n"
0 0 24 3 9 #"        ["
0 0 14 3 4 #"else"
0 0 24 3 2 #" ("
0 0 14 3 3 #"..."
0 0 24 3 2 #" ("
0 0 14 3 5 #"first"
0 0 24 3 1 #" "
0 0 14 3 3 #"lob"
0 0 24 3 18 #")                 "
0 0 17 3 8 #";Boolean"
0 0 24 29 1 #"\n"
0 0 24 3 20 #"                   ("
0 0 14 3 10 #"fn-for-lob"
0 0 24 3 2 #" ("
0 0 14 3 4 #"rest"
0 0 24 3 1 #" "
0 0 14 3 3 #"lob"
0 0 24 3 7 #")))])) "
0 0 17 3 18 #";NATURAL RECURSION"
0 0 24 29 1 #"\n"
0 0 17 3 23 #";; Template rules used:"
0 0 24 29 1 #"\n"
0 0 17 3 21 #";;  - one of: 2 cases"
0 0 24 29 1 #"\n"
0 0 17 3 28 #";;  - atomic distinct: empty"
0 0 24 29 1 #"\n"
0 0 17 3 44 #";;  - compound: (cons Boolean ListOfBoolean)"
0 0 24 29 1 #"\n"
0 0 17 3 49 #";;  - self-reference: (rest lob) is ListOfBoolean"
0 0 24 29 1 #"\n"
0 0 24 29 1 #"\n"
0 0 17 3 24 #";ListOfBooleans->Boolean"
0 0 24 29 1 #"\n"
0 0 17 3 54 #";interp.produce true if all values ListOfBoolean true;"
0 0 24 29 1 #"\n"
0 0 24 3 1 #"("
0 0 14 3 12 #"check-expect"
0 0 24 3 2 #" ("
0 0 14 3 9 #"all-true?"
0 0 24 3 1 #" "
0 0 14 3 5 #"empty"
0 0 24 3 2 #") "
0 0 14 3 4 #"true"
0 0 24 3 1 #")"
0 0 24 29 1 #"\n"
0 0 24 3 1 #"("
0 0 14 3 12 #"check-expect"
0 0 24 3 2 #" ("
0 0 14 3 9 #"all-true?"
0 0 24 3 2 #" ("
0 0 14 3 4 #"cons"
0 0 24 3 1 #" "
0 0 14 3 4 #"true"
0 0 24 3 1 #" "
0 0 14 3 5 #"empty"
0 0 24 3 3 #")) "
0 0 14 3 4 #"true"
0 0 24 3 1 #")"
0 0 24 29 1 #"\n"
0 0 24 3 1 #"("
0 0 14 3 12 #"check-expect"
0 0 24 3 2 #" ("
0 0 14 3 9 #"all-true?"
0 0 24 3 2 #" ("
0 0 14 3 4 #"cons"
0 0 24 3 1 #" "
0 0 14 3 5 #"false"
0 0 24 3 1 #" "
0 0 14 3 5 #"empty"
0 0 24 3 3 #")) "
0 0 14 3 5 #"false"
0 0 24 3 1 #")"
0 0 24 29 1 #"\n"
0 0 24 3 1 #"("
0 0 14 3 12 #"check-expect"
0 0 24 3 2 #" ("
0 0 14 3 9 #"all-true?"
0 0 24 3 2 #" ("
0 0 14 3 4 #"cons"
0 0 24 3 1 #" "
0 0 14 3 5 #"false"
0 0 24 3 2 #" ("
0 0 14 3 4 #"cons"
0 0 24 3 1 #" "
0 0 14 3 5 #"false"
0 0 24 3 1 #" "
0 0 14 3 5 #"empty"
0 0 24 3 4 #"))) "
0 0 14 3 5 #"false"
0 0 24 3 1 #")"
0 0 24 29 1 #"\n"
0 0 24 3 1 #"("
0 0 14 3 12 #"check-expect"
0 0 24 3 2 #" ("
0 0 14 3 9 #"all-true?"
0 0 24 3 2 #" ("
0 0 14 3 4 #"cons"
0 0 24 3 1 #" "
0 0 14 3 4 #"true"
0 0 24 3 2 #" ("
0 0 14 3 4 #"cons"
0 0 24 3 1 #" "
0 0 14 3 5 #"false"
0 0 24 3 1 #" "
0 0 14 3 5 #"empty"
0 0 24 3 4 #"))) "
0 0 14 3 5 #"false"
0 0 24 3 1 #")"
0 0 24 29 1 #"\n"
0 0 24 3 1 #"("
0 0 14 3 12 #"check-expect"
0 0 24 3 2 #" ("
0 0 14 3 9 #"all-true?"
0 0 24 3 2 #" ("
0 0 14 3 4 #"cons"
0 0 24 3 1 #" "
0 0 14 3 4 #"true"
0 0 24 3 2 #" ("
0 0 14 3 4 #"cons"
0 0 24 3 1 #" "
0 0 14 3 4 #"true"
0 0 24 3 1 #" "
0 0 14 3 5 #"empty"
0 0 24 3 4 #"))) "
0 0 14 3 4 #"true"
0 0 24 3 1 #")"
0 0 24 29 1 #"\n"
0 0 24 29 1 #"\n"
0 0 17 3 2 #";("
0 0 17 3 35 #"define (all-true? lob) false) ;stub"
0 0 24 29 1 #"\n"
0 0 24 29 1 #"\n"
0 0 24 3 1 #"("
0 0 15 3 6 #"define"
0 0 24 3 2 #" ("
0 0 14 3 9 #"all-true?"
0 0 24 3 1 #" "
0 0 14 3 3 #"lob"
0 0 24 3 1 #")"
0 0 24 29 1 #"\n"
0 0 24 3 3 #"  ("
0 0 15 3 4 #"cond"
0 0 24 3 3 #" [("
0 0 14 3 6 #"empty?"
0 0 24 3 1 #" "
0 0 14 3 3 #"lob"
0 0 24 3 2 #") "
0 0 14 3 4 #"true"
0 0 24 3 21 #"]                    "
0 0 17 3 10 #";BASE CASE"
0 0 24 29 1 #"\n"
0 0 24 3 9 #"        ["
0 0 14 3 4 #"else"
0 0 24 3 2 #" ("
0 0 14 3 3 #"and"
0 0 24 3 2 #" ("
0 0 14 3 5 #"first"
0 0 24 3 1 #" "
0 0 14 3 3 #"lob"
0 0 24 3 18 #")                 "
0 0 17 3 8 #";Boolean"
0 0 24 29 1 #"\n"
0 0 24 3 20 #"                   ("
0 0 14 3 9 #"all-true?"
0 0 24 3 2 #" ("
0 0 14 3 4 #"rest"
0 0 24 3 1 #" "
0 0 14 3 3 #"lob"
0 0 24 3 7 #")))])) "
0 0 17 3 18 #";NATURAL RECURSION"
0 0 24 29 1 #"\n"
0 0 24 29 1 #"\n"
0 0 17 3 24 #";ListOfBooleans->Boolean"
0 0 24 29 1 #"\n"
0 0 17 3 24 #";interp.produce true if "
0 0 17 3 2 #"at"
0 0 17 3 1 #" "
0 0 17 3 5 #"least"
0 0 17 3 1 #" "
0 0 17 3 3 #"one"
0 0 17 3 1 #" "
0 0 17 3 4 #"item"
0 0 17 3 1 #" "
0 0 17 3 2 #"on"
0 0 17 3 1 #" "
0 0 17 3 3 #"the"
0 0 17 3 1 #" "
0 0 17 3 13 #"list is true."
0 0 24 29 1 #"\n"
0 0 24 3 1 #"("
0 0 14 3 12 #"check-expect"
0 0 24 3 2 #" ("
0 0 14 3 9 #"one-true?"
0 0 24 3 1 #" "
0 0 14 3 5 #"empty"
0 0 24 3 2 #") "
0 0 14 3 5 #"false"
0 0 24 3 1 #")"
0 0 24 29 1 #"\n"
0 0 24 3 1 #"("
0 0 14 3 12 #"check-expect"
0 0 24 3 2 #" ("
0 0 14 3 9 #"one-true?"
0 0 24 3 2 #" ("
0 0 14 3 4 #"cons"
0 0 24 3 1 #" "
0 0 14 3 4 #"true"
0 0 24 3 1 #" "
0 0 14 3 5 #"empty"
0 0 24 3 3 #")) "
0 0 14 3 4 #"true"
0 0 24 3 1 #")"
0 0 24 29 1 #"\n"
0 0 24 3 1 #"("
0 0 14 3 12 #"check-expect"
0 0 24 3 2 #" ("
0 0 14 3 9 #"one-true?"
0 0 24 3 2 #" ("
0 0 14 3 4 #"cons"
0 0 24 3 1 #" "
0 0 14 3 5 #"false"
0 0 24 3 1 #" "
0 0 14 3 5 #"empty"
0 0 24 3 3 #")) "
0 0 14 3 5 #"false"
0 0 24 3 1 #")"
0 0 24 29 1 #"\n"
0 0 24 3 1 #"("
0 0 14 3 12 #"check-expect"
0 0 24 3 2 #" ("
0 0 14 3 9 #"one-true?"
0 0 24 3 2 #" ("
0 0 14 3 4 #"cons"
0 0 24 3 1 #" "
0 0 14 3 5 #"false"
0 0 24 3 2 #" ("
0 0 14 3 4 #"cons"
0 0 24 3 1 #" "
0 0 14 3 4 #"true"
0 0 24 3 1 #" "
0 0 14 3 5 #"empty"
0 0 24 3 4 #"))) "
0 0 14 3 4 #"true"
0 0 24 3 1 #")"
0 0 24 29 1 #"\n"
0 0 24 3 1 #"("
0 0 14 3 12 #"check-expect"
0 0 24 3 2 #" ("
0 0 14 3 9 #"one-true?"
0 0 24 3 2 #" ("
0 0 14 3 4 #"cons"
0 0 24 3 1 #" "
0 0 14 3 5 #"false"
0 0 24 3 2 #" ("
0 0 14 3 4 #"cons"
0 0 24 3 1 #" "
0 0 14 3 5 #"false"
0 0 24 3 1 #" "
0 0 14 3 5 #"empty"
0 0 24 3 4 #"))) "
0 0 14 3 5 #"false"
0 0 24 3 1 #")"
0 0 24 29 1 #"\n"
0 0 24 29 1 #"\n"
0 0 17 3 2 #";("
0 0 17 3 6 #"define"
0 0 17 3 2 #" ("
0 0 17 3 9 #"one-true?"
0 0 17 3 1 #" "
0 0 17 3 17 #"lob) false) ;stub"
0 0 24 29 1 #"\n"
0 0 24 29 1 #"\n"
0 0 24 3 1 #"("
0 0 15 3 6 #"define"
0 0 24 3 2 #" ("
0 0 14 3 9 #"one-true?"
0 0 24 3 1 #" "
0 0 14 3 3 #"lob"
0 0 24 3 1 #")"
0 0 24 29 1 #"\n"
0 0 24 3 3 #"  ("
0 0 15 3 4 #"cond"
0 0 24 3 3 #" [("
0 0 14 3 6 #"empty?"
0 0 24 3 1 #" "
0 0 14 3 3 #"lob"
0 0 24 3 2 #") "
0 0 14 3 5 #"false"
0 0 24 3 19 #"]                  "
0 0 17 3 10 #";BASE CASE"
0 0 24 29 1 #"\n"
0 0 24 3 9 #"        ["
0 0 14 3 4 #"else"
0 0 24 3 2 #" ("
0 0 14 3 2 #"or"
0 0 24 3 2 #" ("
0 0 14 3 5 #"first"
0 0 24 3 1 #" "
0 0 14 3 3 #"lob"
0 0 24 3 18 #")                 "
0 0 17 3 8 #";Boolean"
0 0 24 29 1 #"\n"
0 0 24 3 20 #"                   ("
0 0 14 3 9 #"one-true?"
0 0 24 3 2 #" ("
0 0 14 3 4 #"rest"
0 0 24 3 1 #" "
0 0 14 3 3 #"lob"
0 0 24 3 7 #")))])) "
0 0 17 3 18 #";NATURAL RECURSION"
0 0 24 29 1 #"\n"
0 0 24 29 1 #"\n"
0 7         259 69           0 0           0 42 0 14 3 8 #"Exercise"
0 0 24 3 1 #" "
0 0 21 3 4 #"128."
0 0 24 3 1 #" "
0 0 14 3 6 #"Design"
0 0 24 3 1 #" "
0 0 14 3 3 #"the"
0 0 24 3 1 #" "
0 0 14 3 8 #"function"
0 0 24 3 1 #" "
0 0 14 3 9 #"juxtapose"
0 0 28 3 1 #","
0 0 24 3 1 #" "
0 0 14 3 5 #"which"
0 0 24 3 1 #" "
0 0 14 3 8 #"consumes"
0 0 24 3 1 #" "
0 0 14 3 1 #"a"
0 0 24 3 1 #" "
0 0 14 3 4 #"list"
0 0 24 3 1 #" "
0 0 14 3 2 #"of"
0 0 24 3 1 #" "
0 0 14 3 7 #"strings"
0 0 24 3 1 #" "
0 0 14 3 3 #"and"
0 0 24 3 1 #" "
0 0 24 29 1 #"\n"
0 0 14 3 7 #"appends"
0 0 24 3 1 #" "
0 0 14 3 4 #"them"
0 0 24 3 1 #" "
0 0 14 3 3 #"all"
0 0 24 3 1 #" "
0 0 14 3 4 #"into"
0 0 24 3 1 #" "
0 0 14 3 3 #"one"
0 0 24 3 1 #" "
0 0 14 3 4 #"long"
0 0 24 3 1 #" "
0 0 14 3 7 #"string."
0 0 24 3 1 #" "
0           0 0 0 24 29 1 #"\n"
0 0 17 3 25 #";ListOfStrings is one of:"
0 0 24 29 1 #"\n"
0 0 17 3 7 #";- emty"
0 0 24 29 1 #"\n"
0 0 17 3 30 #";- (cons String ListOfStrings)"
0 0 24 29 1 #"\n"
0 0 17 3 24 #";interp. list of Strings"
0 0 24 29 1 #"\n"
0 0 24 3 1 #"("
0 0 15 3 6 #"define"
0 0 24 3 1 #" "
0 0 14 3 3 #"LS1"
0 0 24 3 1 #" "
0 0 14 3 5 #"empty"
0 0 24 3 1 #")"
0 0 24 29 1 #"\n"
0 0 24 3 1 #"("
0 0 15 3 6 #"define"
0 0 24 3 1 #" "
0 0 14 3 3 #"LS2"
0 0 24 3 2 #" ("
0 0 14 3 4 #"cons"
0 0 24 3 1 #" "
0 0 19 3 5 #"\"str\""
0 0 24 3 1 #" "
0 0 14 3 5 #"empty"
0 0 24 3 2 #"))"
0 0 24 29 1 #"\n"
0 0 24 3 1 #"("
0 0 15 3 6 #"define"
0 0 24 3 1 #" "
0 0 14 3 3 #"LS3"
0 0 24 3 2 #" ("
0 0 14 3 4 #"cons"
0 0 24 3 1 #" "
0 0 19 3 3 #"\"s\""
0 0 24 3 2 #" ("
0 0 14 3 4 #"cons"
0 0 24 3 1 #" "
0 0 19 3 5 #"\"str\""
0 0 24 3 1 #" "
0 0 14 3 5 #"empty"
0 0 24 3 3 #")))"
0 0 24 29 1 #"\n"
0 0 17 3 2 #"#;"
0 0 24 29 1 #"\n"
0 0 24 3 1 #"("
0 0 15 3 6 #"define"
0 0 24 3 2 #" ("
0 0 14 3 10 #"fn-for-los"
0 0 24 3 1 #" "
0 0 14 3 3 #"los"
0 0 24 3 1 #")"
0 0 24 29 1 #"\n"
0 0 24 3 3 #"  ("
0 0 15 3 4 #"cond"
0 0 24 3 3 #" [("
0 0 14 3 6 #"empty?"
0 0 24 3 1 #" "
0 0 14 3 3 #"los"
0 0 24 3 3 #") ("
0 0 14 3 3 #"..."
0 0 24 3 21 #")]                   "
0 0 17 3 10 #";BASE CASE"
0 0 24 29 1 #"\n"
0 0 24 3 9 #"        ["
0 0 14 3 4 #"else"
0 0 24 3 2 #" ("
0 0 14 3 3 #"..."
0 0 24 3 2 #" ("
0 0 14 3 5 #"first"
0 0 24 3 1 #" "
0 0 14 3 3 #"los"
0 0 24 3 18 #")                 "
0 0 17 3 7 #";String"
0 0 24 29 1 #"\n"
0 0 24 3 20 #"                   ("
0 0 14 3 10 #"fn-for-los"
0 0 24 3 2 #" ("
0 0 14 3 4 #"rest"
0 0 24 3 1 #" "
0 0 14 3 3 #"los"
0 0 24 3 7 #")))])) "
0 0 17 3 18 #";NATURAL RECURSION"
0 0 24 29 1 #"\n"
0 0 17 3 23 #";; Template rules used:"
0 0 24 29 1 #"\n"
0 0 17 3 21 #";;  - one of: 2 cases"
0 0 24 29 1 #"\n"
0 0 17 3 28 #";;  - atomic distinct: empty"
0 0 24 29 1 #"\n"
0 0 17 3 43 #";;  - compound: (cons String ListOfStrings)"
0 0 24 29 1 #"\n"
0 0 17 3 49 #";;  - self-reference: (rest los) is ListOfStrings"
0 0 24 29 1 #"\n"
0 0 24 29 1 #"\n"
0 0 17 3 22 #";ListOfStrings->String"
0 0 24 29 1 #"\n"
0 0 17 3 8 #";interp."
0 0 17 3 43 #"appends all String in ListOfStrings in into"
0 0 17 3 1 #" "
0 0 17 3 16 #"one long string."
0 0 24 29 1 #"\n"
0 0 24 3 1 #"("
0 0 14 3 12 #"check-expect"
0 0 24 3 1 #"("
0 0 14 3 9 #"juxtapose"
0 0 24 3 1 #" "
0 0 14 3 5 #"empty"
0 0 24 3 2 #") "
0 0 19 3 2 #"\"\""
0 0 24 3 1 #")"
0 0 24 29 1 #"\n"
0 0 24 3 1 #"("
0 0 14 3 12 #"check-expect"
0 0 24 3 1 #"("
0 0 14 3 9 #"juxtapose"
0 0 24 3 2 #" ("
0 0 14 3 4 #"cons"
0 0 24 3 1 #" "
0 0 19 3 3 #"\"s\""
0 0 24 3 1 #" "
0 0 14 3 5 #"empty"
0 0 24 3 3 #")) "
0 0 19 3 3 #"\"s\""
0 0 24 3 1 #")"
0 0 24 29 1 #"\n"
0 0 24 3 1 #"("
0 0 14 3 12 #"check-expect"
0 0 24 3 1 #"("
0 0 14 3 9 #"juxtapose"
0 0 24 3 2 #" ("
0 0 14 3 4 #"cons"
0 0 24 3 1 #" "
0 0 19 3 3 #"\"s\""
0 0 24 3 2 #" ("
0 0 14 3 4 #"cons"
0 0 24 3 1 #" "
0 0 19 3 4 #"\"tr\""
0 0 24 3 1 #" "
0 0 14 3 5 #"empty"
0 0 24 3 4 #"))) "
0 0 19 3 5 #"\"str\""
0 0 24 3 1 #")"
0 0 24 29 1 #"\n"
0 0 24 29 1 #"\n"
0 0 17 3 2 #";("
0 0 17 3 6 #"define"
0 0 17 3 2 #" ("
0 0 17 3 9 #"juxtapose"
0 0 17 3 1 #" "
0 0 17 3 3 #"los"
0 0 17 3 11 #") \"\") ;stub"
0 0 24 29 1 #"\n"
0 0 24 29 1 #"\n"
0 0 24 3 1 #"("
0 0 15 3 6 #"define"
0 0 24 3 2 #" ("
0 0 14 3 9 #"juxtapose"
0 0 24 3 1 #" "
0 0 14 3 3 #"los"
0 0 24 3 1 #")"
0 0 24 29 1 #"\n"
0 0 24 3 3 #"  ("
0 0 15 3 4 #"cond"
0 0 24 3 3 #" [("
0 0 14 3 6 #"empty?"
0 0 24 3 1 #" "
0 0 14 3 3 #"los"
0 0 24 3 2 #") "
0 0 19 3 2 #"\"\""
0 0 24 3 33 #"]                                "
0 0 17 3 10 #";BASE CASE"
0 0 24 29 1 #"\n"
0 0 24 3 9 #"        ["
0 0 14 3 4 #"else"
0 0 24 3 2 #" ("
0 0 14 3 13 #"string-append"
0 0 24 3 2 #" ("
0 0 14 3 5 #"first"
0 0 24 3 1 #" "
0 0 14 3 3 #"los"
0 0 24 3 18 #")                 "
0 0 17 3 7 #";String"
0 0 24 29 1 #"\n"
0 0 24 3 20 #"                   ("
0 0 14 3 9 #"juxtapose"
0 0 24 3 2 #" ("
0 0 14 3 4 #"rest"
0 0 24 3 1 #" "
0 0 14 3 3 #"los"
0 0 24 3 18 #")))]))            "
0 0 17 3 18 #";NATURAL RECURSION"
0 0 24 29 1 #"\n"
0 0 24 29 1 #"\n"
0 7         517 69           0 0           0 85 0 14 3 8 #"Exercise"
0 0 24 3 1 #" "
0 0 21 3 4 #"129."
0 0 24 3 1 #" "
0 0 14 3 6 #"Design"
0 0 24 3 1 #" "
0 0 14 3 11 #"ill-sized?."
0 0 24 3 1 #" "
0 0 14 3 3 #"The"
0 0 24 3 1 #" "
0 0 14 3 8 #"function"
0 0 24 3 1 #" "
0 0 14 3 8 #"consumes"
0 0 24 3 1 #" "
0 0 14 3 1 #"a"
0 0 24 3 1 #" "
0 0 14 3 4 #"list"
0 0 24 3 1 #" "
0 0 14 3 2 #"of"
0 0 24 3 1 #" "
0 0 14 3 6 #"images"
0 0 24 3 1 #" "
0 0 14 3 3 #"loi"
0 0 24 3 1 #" "
0 0 14 3 3 #"and"
0 0 24 3 1 #" "
0 0 14 3 1 #"a"
0 0 24 3 1 #" "
0 0 14 3 8 #"positive"
0 0 24 3 1 #" "
0 0 14 3 6 #"number"
0 0 24 3 1 #" "
0 0 14 3 2 #"n."
0 0 24 29 1 #"\n"
0 0 14 3 2 #"It"
0 0 24 3 1 #" "
0 0 14 3 8 #"produces"
0 0 24 3 1 #" "
0 0 14 3 3 #"the"
0 0 24 3 1 #" "
0 0 14 3 5 #"first"
0 0 24 3 1 #" "
0 0 14 3 5 #"image"
0 0 24 3 1 #" "
0 0 14 3 2 #"on"
0 0 24 3 1 #" "
0 0 14 3 3 #"loi"
0 0 24 3 1 #" "
0 0 14 3 4 #"that"
0 0 24 3 1 #" "
0 0 14 3 2 #"is"
0 0 24 3 1 #" "
0 0 14 3 3 #"not"
0 0 24 3 1 #" "
0 0 14 3 2 #"an"
0 0 24 3 1 #" "
0 0 14 3 1 #"n"
0 0 24 3 1 #" "
0 0 14 3 2 #"by"
0 0 24 3 1 #" "
0 0 14 3 1 #"n"
0 0 24 3 1 #" "
0 0 14 3 6 #"square"
0 0 28 3 1 #","
0 0 24 3 1 #" "
0 0 14 3 2 #"if"
0 0 24 3 1 #" "
0 0 14 3 2 #"it"
0 0 24 3 1 #" "
0 0 14 3 6 #"cannot"
0 0 24 3 1 #" "
0 0 14 3 4 #"find"
0 0 24 3 1 #" "
0 0 14 3 4 #"such"
0 0 24 3 1 #" "
0 0 14 3 2 #"an"
0 0 24 3 1 #" "
0 0 14 3 5 #"image"
0 0 28 3 1 #","
0 0 24 29 1 #"\n"
0 0 14 3 2 #"it"
0 0 24 3 1 #" "
0 0 14 3 8 #"produces"
0 0 24 3 1 #" "
0 0 14 3 6 #"false."
0           0 0 0 24 29 1 #"\n"
0 0 24 29 1 #"\n"
0 0 17 3 24 #";ListOfImages is one of:"
0 0 24 29 1 #"\n"
0 0 17 3 9 #"; - empty"
0 0 24 29 1 #"\n"
0 0 17 3 22 #"; - (cons Image empty)"
0 0 24 29 1 #"\n"
0 0 24 3 1 #"("
0 0 15 3 6 #"define"
0 0 24 3 1 #" "
0 0 14 3 2 #"I1"
0 0 24 3 1 #" "
0 0 14 3 5 #"empty"
0 0 24 3 1 #")"
0 0 24 29 1 #"\n"
0 0 24 3 1 #"("
0 0 15 3 6 #"define"
0 0 24 3 1 #" "
0 0 14 3 2 #"I2"
0 0 24 3 2 #" ("
0 0 14 3 4 #"cons"
0 0 24 3 2 #" ("
0 0 14 3 6 #"square"
0 0 24 3 1 #" "
0 0 21 3 1 #"5"
0 0 24 3 1 #" "
0 0 19 3 6 #"\"solid"
0 0 19 3 1 #"\""
0 0 24 3 1 #" "
0 0 19 3 4 #"\"red"
0 0 19 3 1 #"\""
0 0 24 3 2 #") "
0 0 14 3 5 #"empty"
0 0 24 3 2 #"))"
0 0 24 29 1 #"\n"
0 0 24 3 1 #"("
0 0 15 3 6 #"define"
0 0 24 3 1 #" "
0 0 14 3 2 #"I3"
0 0 24 3 2 #" ("
0 0 14 3 4 #"cons"
0 0 24 3 2 #" ("
0 0 14 3 6 #"circle"
0 0 24 3 1 #" "
0 0 21 3 2 #"10"
0 0 24 3 1 #" "
0 0 19 3 6 #"\"solid"
0 0 19 3 1 #"\""
0 0 24 3 1 #" "
0 0 19 3 5 #"\"blue"
0 0 19 3 1 #"\""
0 0 24 3 3 #") ("
0 0 14 3 4 #"cons"
0 0 24 3 2 #" ("
0 0 14 3 6 #"square"
0 0 24 3 1 #" "
0 0 21 3 1 #"5"
0 0 24 3 1 #" "
0 0 19 3 6 #"\"solid"
0 0 19 3 1 #"\""
0 0 24 3 1 #" "
0 0 19 3 1 #"\""
0 0 19 3 4 #"red\""
0 0 24 3 2 #") "
0 0 14 3 5 #"empty"
0 0 24 3 3 #")))"
0 0 24 29 1 #"\n"
0 0 17 3 2 #"#;"
0 0 24 29 1 #"\n"
0 0 24 3 1 #"("
0 0 15 3 6 #"define"
0 0 24 3 2 #" ("
0 0 14 3 11 #"fun-for-loi"
0 0 24 3 1 #" "
0 0 14 3 3 #"loi"
0 0 24 3 1 #")"
0 0 24 29 1 #"\n"
0 0 24 3 3 #"  ("
0 0 15 3 4 #"cond"
0 0 24 3 2 #"[("
0 0 14 3 6 #"empty?"
0 0 24 3 1 #" "
0 0 14 3 3 #"loi"
0 0 24 3 3 #") ("
0 0 14 3 3 #"..."
0 0 24 3 2 #")]"
0 0 24 29 1 #"\n"
0 0 24 3 8 #"       ["
0 0 14 3 4 #"else"
0 0 24 3 2 #" ("
0 0 14 3 3 #"..."
0 0 24 3 2 #" ("
0 0 14 3 5 #"first"
0 0 24 3 1 #" "
0 0 14 3 3 #"loi"
0 0 24 3 1 #")"
0 0 24 29 1 #"\n"
0 0 24 3 18 #"                  "
0 0 14 3 11 #"fun-for-loi"
0 0 24 3 1 #"("
0 0 14 3 4 #"rest"
0 0 24 3 1 #" "
0 0 14 3 3 #"loi"
0 0 24 3 5 #"))]))"
0 0 24 29 1 #"\n"
0 0 17 3 23 #";; Template rules used:"
0 0 24 29 1 #"\n"
0 0 17 3 21 #";;  - one of: 2 cases"
0 0 24 29 1 #"\n"
0 0 17 3 28 #";;  - atomic distinct: empty"
0 0 24 29 1 #"\n"
0 0 17 3 41 #";;  - compound: (cons Image ListOfImages)"
0 0 24 29 1 #"\n"
0 0 17 3 48 #";;  - self-reference: (rest loi) is ListOfImages"
0 0 24 29 1 #"\n"
0 0 24 29 1 #"\n"
0 0 17 3 21 #";ListOfImages->Result"
0 0 24 29 1 #"\n"
0 0 17 3 8 #";interp."
0 0 17 3 8 #"produces"
0 0 17 3 1 #" "
0 0 17 3 3 #"the"
0 0 17 3 1 #" "
0 0 17 3 5 #"first"
0 0 17 3 1 #" "
0 0 17 3 5 #"image"
0 0 17 3 1 #" "
0 0 17 3 2 #"on"
0 0 17 3 1 #" "
0 0 17 3 3 #"loi"
0 0 17 3 1 #" "
0 0 17 3 4 #"that"
0 0 17 3 1 #" "
0 0 17 3 2 #"is"
0 0 17 3 1 #" "
0 0 17 3 3 #"not"
0 0 17 3 1 #" "
0 0 17 3 2 #"an"
0 0 17 3 1 #" "
0 0 17 3 1 #"n"
0 0 17 3 1 #" "
0 0 17 3 2 #"by"
0 0 17 3 1 #" "
0 0 17 3 1 #"n"
0 0 17 3 13 #" square,else "
0 0 17 3 8 #"produces"
0 0 17 3 7 #" false."
0 0 24 29 1 #"\n"
0 0 24 3 1 #"("
0 0 14 3 12 #"check-expect"
0 0 24 3 2 #" ("
0 0 14 3 10 #"ill-sized?"
0 0 24 3 1 #" "
0 0 14 3 5 #"empty"
0 0 24 3 1 #" "
0 0 21 3 1 #"5"
0 0 24 3 2 #") "
0 0 14 3 5 #"false"
0 0 24 3 1 #")"
0 0 24 29 1 #"\n"
0 0 24 3 1 #"("
0 0 14 3 12 #"check-expect"
0 0 24 3 2 #" ("
0 0 14 3 10 #"ill-sized?"
0 0 24 3 2 #" ("
0 0 14 3 4 #"cons"
0 0 24 3 2 #" ("
0 0 14 3 6 #"square"
0 0 24 3 1 #" "
0 0 21 3 1 #"5"
0 0 24 3 1 #" "
0 0 19 3 7 #"\"solid\""
0 0 24 3 1 #" "
0 0 19 3 5 #"\"red\""
0 0 24 3 2 #") "
0 0 14 3 5 #"empty"
0 0 24 3 2 #") "
0 0 21 3 1 #"5"
0 0 24 3 3 #")  "
0 0 14 3 5 #"false"
0 0 24 3 1 #")"
0 0 24 29 1 #"\n"
0 0 24 3 1 #"("
0 0 14 3 12 #"check-expect"
0 0 24 3 2 #" ("
0 0 14 3 10 #"ill-sized?"
0 0 24 3 2 #" ("
0 0 14 3 4 #"cons"
0 0 24 3 2 #" ("
0 0 14 3 6 #"square"
0 0 24 3 1 #" "
0 0 21 3 1 #"5"
0 0 24 3 1 #" "
0 0 19 3 7 #"\"solid\""
0 0 24 3 1 #" "
0 0 19 3 5 #"\"red\""
0 0 24 3 2 #") "
0 0 14 3 5 #"empty"
0 0 24 3 2 #") "
0 0 21 3 1 #"7"
0 0 24 3 4 #")  ("
0 0 14 3 6 #"square"
0 0 24 3 1 #" "
0 0 21 3 1 #"5"
0 0 24 3 1 #" "
0 0 19 3 7 #"\"solid\""
0 0 24 3 1 #" "
0 0 19 3 5 #"\"red\""
0 0 24 3 2 #"))"
0 0 24 29 1 #"\n"
0 0 24 3 1 #"("
0 0 14 3 12 #"check-expect"
0 0 24 3 2 #" ("
0 0 14 3 10 #"ill-sized?"
0 0 24 3 2 #" ("
0 0 14 3 4 #"cons"
0 0 24 3 2 #" ("
0 0 14 3 6 #"circle"
0 0 24 3 1 #" "
0 0 21 3 1 #"5"
0 0 24 3 1 #" "
0 0 19 3 7 #"\"solid\""
0 0 24 3 1 #" "
0 0 19 3 5 #"\"red\""
0 0 24 3 2 #") "
0 0 14 3 5 #"empty"
0 0 24 3 2 #") "
0 0 21 3 1 #"5"
0 0 24 3 3 #") ("
0 0 14 3 6 #"circle"
0 0 24 3 1 #" "
0 0 21 3 1 #"5"
0 0 24 3 1 #" "
0 0 19 3 7 #"\"solid\""
0 0 24 3 1 #" "
0 0 19 3 5 #"\"red\""
0 0 24 3 2 #"))"
0 0 24 29 1 #"\n"
0 0 24 3 1 #"("
0 0 14 3 12 #"check-expect"
0 0 24 3 2 #" ("
0 0 14 3 10 #"ill-sized?"
0 0 24 3 2 #" ("
0 0 14 3 4 #"cons"
0 0 24 3 2 #" ("
0 0 14 3 6 #"square"
0 0 24 3 1 #" "
0 0 21 3 1 #"5"
0 0 24 3 1 #" "
0 0 19 3 7 #"\"solid\""
0 0 24 3 1 #" "
0 0 19 3 5 #"\"red\""
0 0 24 3 3 #") ("
0 0 14 3 4 #"cons"
0 0 24 3 2 #" ("
0 0 14 3 6 #"circle"
0 0 24 3 1 #" "
0 0 21 3 1 #"5"
0 0 24 3 1 #" "
0 0 19 3 7 #"\"solid\""
0 0 24 3 1 #" "
0 0 19 3 5 #"\"red\""
0 0 24 3 2 #") "
0 0 14 3 5 #"empty"
0 0 24 3 3 #")) "
0 0 21 3 1 #"5"
0 0 24 3 3 #") ("
0 0 14 3 6 #"circle"
0 0 24 3 1 #" "
0 0 21 3 1 #"5"
0 0 24 3 1 #" "
0 0 19 3 7 #"\"solid\""
0 0 24 3 1 #" "
0 0 19 3 5 #"\"red\""
0 0 24 3 2 #"))"
0 0 24 29 1 #"\n"
0 0 24 29 1 #"\n"
0 0 17 3 2 #";("
0 0 17 3 6 #"define"
0 0 17 3 2 #" ("
0 0 17 3 10 #"ill-sized?"
0 0 17 3 1 #" "
0 0 17 3 3 #"loi"
0 0 17 3 1 #" "
0 0 17 3 1 #"n"
0 0 17 3 2 #") "
0 0 17 3 7 #"false) "
0 0 17 3 5 #";stub"
0 0 24 29 1 #"\n"
0 0 24 3 1 #"("
0 0 15 3 6 #"define"
0 0 24 3 2 #" ("
0 0 14 3 10 #"ill-sized?"
0 0 24 3 1 #" "
0 0 14 3 3 #"loi"
0 0 24 3 1 #" "
0 0 14 3 1 #"n"
0 0 24 3 1 #")"
0 0 24 29 1 #"\n"
0 0 24 3 3 #"  ("
0 0 15 3 4 #"cond"
0 0 24 3 2 #"[("
0 0 14 3 6 #"empty?"
0 0 24 3 1 #" "
0 0 14 3 3 #"loi"
0 0 24 3 2 #") "
0 0 14 3 5 #"false"
0 0 24 3 1 #"]"
0 0 24 29 1 #"\n"
0 0 24 3 8 #"       ["
0 0 14 3 4 #"else"
0 0 24 3 2 #" ("
0 0 14 3 2 #"if"
0 0 24 3 2 #" ("
0 0 14 3 3 #"not"
0 0 24 3 2 #" ("
0 0 14 3 3 #"and"
0 0 24 3 2 #" ("
0 0 14 3 1 #"="
0 0 24 3 2 #" ("
0 0 14 3 11 #"image-width"
0 0 24 3 2 #" ("
0 0 14 3 5 #"first"
0 0 24 3 1 #" "
0 0 14 3 3 #"loi"
0 0 24 3 3 #")) "
0 0 14 3 1 #"n"
0 0 24 3 3 #") ("
0 0 14 3 1 #"="
0 0 24 3 2 #" ("
0 0 14 3 11 #"image-width"
0 0 24 3 2 #" ("
0 0 14 3 5 #"first"
0 0 24 3 1 #" "
0 0 14 3 3 #"loi"
0 0 24 3 3 #")) "
0 0 14 3 1 #"n"
0 0 24 3 3 #")))"
0 0 24 29 1 #"\n"
0 0 24 3 18 #"                 ("
0 0 14 3 5 #"first"
0 0 24 3 1 #" "
0 0 14 3 3 #"loi"
0 0 24 3 1 #")"
0 0 24 29 1 #"\n"
0 0 24 3 19 #"                  ("
0 0 14 3 10 #"ill-sized?"
0 0 24 3 1 #"("
0 0 14 3 4 #"rest"
0 0 24 3 1 #" "
0 0 14 3 3 #"loi"
0 0 24 3 2 #") "
0 0 14 3 1 #"n"
0 0 24 3 5 #"))]))"
0 0 24 29 1 #"\n"
0 0 24 29 1 #"\n"
0 0 24 29 1 #"\n"
0 0 24 29 1 #"\n"
0 0 24 29 1 #"\n"
0 0 24 29 1 #"\n"
0 0 24 29 1 #"\n"
0 0 24 29 1 #"\n"
0 0 24 29 1 #"\n"
0           0
