#reader(lib"read.ss""wxme")WXME0108 ## 
#|
   This file uses the GRacket editor format.
   Open this file in DrRacket version 6.1 or later to read it.

   Most likely, it was created by saving a program in DrRacket,
   and it probably contains a program with non-text elements
   (such as images or comment boxes).

            http://racket-lang.org/
|#
 31 7 #"wxtext\0"
3 1 6 #"wxtab\0"
1 1 8 #"wximage\0"
2 0 8 #"wxmedia\0"
4 1 34 #"(lib \"syntax-browser.ss\" \"mrlib\")\0"
1 0 16 #"drscheme:number\0"
3 0 44 #"(lib \"number-snip.ss\" \"drscheme\" \"private\")\0"
1 0 36 #"(lib \"comment-snip.ss\" \"framework\")\0"
1 0 93
(
 #"((lib \"collapsed-snipclass.ss\" \"framework\") (lib \"collapsed-sni"
 #"pclass-wxme.ss\" \"framework\"))\0"
) 0 0 43 #"(lib \"collapsed-snipclass.ss\" \"framework\")\0"
0 0 19 #"drscheme:sexp-snip\0"
0 0 36 #"(lib \"cache-image-snip.ss\" \"mrlib\")\0"
1 0 68
(
 #"((lib \"image-core.ss\" \"mrlib\") (lib \"image-core-wxme.rkt\" \"mr"
 #"lib\"))\0"
) 1 0 29 #"drscheme:bindings-snipclass%\0"
1 0 88
(
 #"((lib \"pict-snip.rkt\" \"drracket\" \"private\") (lib \"pict-snip.r"
 #"kt\" \"drracket\" \"private\"))\0"
) 0 0 34 #"(lib \"bullet-snip.rkt\" \"browser\")\0"
0 0 25 #"(lib \"matrix.ss\" \"htdp\")\0"
1 0 22 #"drscheme:lambda-snip%\0"
1 0 29 #"drclickable-string-snipclass\0"
0 0 26 #"drracket:spacer-snipclass\0"
0 0 57
#"(lib \"hrule-snip.rkt\" \"macro-debugger\" \"syntax-browser\")\0"
1 0 26 #"drscheme:pict-value-snip%\0"
0 0 45 #"(lib \"image-snipr.ss\" \"slideshow\" \"private\")\0"
1 0 38 #"(lib \"pict-snipclass.ss\" \"slideshow\")\0"
2 0 55 #"(lib \"vertical-separator-snip.ss\" \"stepper\" \"private\")\0"
1 0 18 #"drscheme:xml-snip\0"
1 0 31 #"(lib \"xml-snipclass.ss\" \"xml\")\0"
1 0 21 #"drscheme:scheme-snip\0"
2 0 34 #"(lib \"scheme-snipclass.ss\" \"xml\")\0"
1 0 10 #"text-box%\0"
1 0 32 #"(lib \"text-snipclass.ss\" \"xml\")\0"
1 0 1 6 #"wxloc\0"
          0 0 65 0 1 #"\0"
0 75 1 #"\0"
0 12 90 -1 90 -1 3 -1 0 1 0 1 0 0 0 0 0 0 0 0 0 0 0 255 255 255 1 -1 0 9
#"Standard\0"
0 75 10 #"Monospace\0"
0 12 90 -1 90 -1 3 -1 0 1 0 1 0 0 0 0 0 0 0 0 0 0 0 255 255 255 1 -1 2 1
#"\0"
0 -1 1 #"\0"
1 0 -1 -1 -1 -1 -1 -1 0 0 0 0 0 0 1 1 1 1 1 1 0 0 0 0 0 0 -1 -1 2 24
#"framework:default-color\0"
0 -1 1 #"\0"
1 0 -1 -1 -1 -1 -1 -1 0 0 0 0 0 1 0 0 0 0 0 0 0 0 0 255 255 255 -1 -1 2
1 #"\0"
0 -1 1 #"\0"
1 0 -1 -1 -1 -1 -1 -1 0 0 0 0 0 0 0 0 0 1 1 1 150 0 150 0 0 0 -1 -1 2 15
#"text:ports out\0"
0 -1 1 #"\0"
1 0 -1 92 -1 93 -1 -1 0 1 0 0 0 0 0 0 0 1 1 1 150 0 150 0 0 0 -1 -1 2 1
#"\0"
0 -1 1 #"\0"
1.0 0 -1 -1 93 -1 -1 -1 0 0 0 0 0 0 0 0 0 1.0 1.0 1.0 255 0 0 0 0 0 -1
-1 2 15 #"text:ports err\0"
0 -1 1 #"\0"
1 0 -1 92 93 -1 -1 -1 0 1 0 0 0 0 0 0 0 1 1 1 255 0 0 0 0 0 -1 -1 2 1
#"\0"
0 -1 1 #"\0"
1 0 -1 -1 -1 -1 -1 -1 0 0 0 0 0 0 0 0 0 1 1 1 0 0 175 0 0 0 -1 -1 2 17
#"text:ports value\0"
0 -1 1 #"\0"
1 0 -1 92 -1 93 -1 -1 0 1 0 0 0 0 0 0 0 1 1 1 0 0 175 0 0 0 -1 -1 2 1
#"\0"
0 -1 1 #"\0"
1.0 0 92 -1 -1 -1 -1 -1 0 0 0 0 0 0 0 0 0 1.0 1.0 1.0 34 139 34 0 0 0 -1
-1 2 27 #"Matching Parenthesis Style\0"
0 -1 1 #"\0"
1.0 0 92 -1 -1 -1 -1 -1 0 0 0 0 0 0 0 0 0 1.0 1.0 1.0 34 139 34 0 0 0 -1
-1 2 1 #"\0"
0 -1 1 #"\0"
1 0 -1 92 -1 93 -1 -1 0 1 0 0 0 0 0 0 0 1 1 1 38 38 128 0 0 0 -1 -1 2 37
#"framework:syntax-color:scheme:symbol\0"
0 -1 1 #"\0"
1 0 -1 92 -1 93 -1 -1 0 1 0 0 0 0 0 0 0 1 1 1 38 38 128 0 0 0 -1 -1 2 38
#"framework:syntax-color:scheme:keyword\0"
0 -1 1 #"\0"
1 0 -1 92 -1 93 -1 -1 0 1 0 0 0 0 0 0 0 1 1 1 38 38 128 0 0 0 -1 -1 2 1
#"\0"
0 -1 1 #"\0"
1 0 -1 92 -1 93 -1 -1 0 1 0 0 0 0 0 0 0 1 1 1 194 116 31 0 0 0 -1 -1 2
38 #"framework:syntax-color:scheme:comment\0"
0 -1 1 #"\0"
1 0 -1 92 -1 93 -1 -1 0 1 0 0 0 0 0 0 0 1 1 1 194 116 31 0 0 0 -1 -1 2 1
#"\0"
0 -1 1 #"\0"
1 0 -1 92 -1 93 -1 -1 0 1 0 0 0 0 0 0 0 1 1 1 41 128 38 0 0 0 -1 -1 2 37
#"framework:syntax-color:scheme:string\0"
0 -1 1 #"\0"
1 0 -1 92 -1 93 -1 -1 0 1 0 0 0 0 0 0 0 1 1 1 41 128 38 0 0 0 -1 -1 2 35
#"framework:syntax-color:scheme:text\0"
0 -1 1 #"\0"
1 0 -1 92 -1 93 -1 -1 0 1 0 0 0 0 0 0 0 1 1 1 41 128 38 0 0 0 -1 -1 2 39
#"framework:syntax-color:scheme:constant\0"
0 -1 1 #"\0"
1 0 -1 92 -1 93 -1 -1 0 1 0 0 0 0 0 0 0 1 1 1 41 128 38 0 0 0 -1 -1 2 1
#"\0"
0 -1 1 #"\0"
1 0 -1 92 -1 93 -1 -1 0 1 0 0 0 0 0 0 0 1 1 1 132 60 36 0 0 0 -1 -1 2 49
#"framework:syntax-color:scheme:hash-colon-keyword\0"
0 -1 1 #"\0"
1 0 -1 92 -1 93 -1 -1 0 1 0 0 0 0 0 0 0 1 1 1 132 60 36 0 0 0 -1 -1 2 42
#"framework:syntax-color:scheme:parenthesis\0"
0 -1 1 #"\0"
1 0 -1 92 -1 93 -1 -1 0 1 0 0 0 0 0 0 0 1 1 1 132 60 36 0 0 0 -1 -1 2 1
#"\0"
0 -1 1 #"\0"
1 0 -1 92 -1 93 -1 -1 0 1 0 0 0 0 0 0 0 1 1 1 255 0 0 0 0 0 -1 -1 2 36
#"framework:syntax-color:scheme:error\0"
0 -1 1 #"\0"
1 0 -1 92 -1 93 -1 -1 0 1 0 0 0 0 0 0 0 1 1 1 255 0 0 0 0 0 -1 -1 2 1
#"\0"
0 -1 1 #"\0"
1 0 -1 92 -1 93 -1 -1 0 1 0 0 0 0 0 0 0 1 1 1 0 0 0 0 0 0 -1 -1 2 36
#"framework:syntax-color:scheme:other\0"
0 -1 1 #"\0"
1 0 -1 92 -1 93 -1 -1 0 1 0 0 0 0 0 0 0 1 1 1 0 0 0 0 0 0 -1 -1 2 16
#"Misspelled Text\0"
0 -1 1 #"\0"
1 0 -1 -1 -1 -1 -1 -1 0 0 0 0 0 0 0 0 0 1 1 1 0 0 0 0 0 0 -1 -1 2 1
#"\0"
0 -1 1 #"\0"
1 0 -1 92 -1 93 -1 -1 0 1 0 0 0 0 0 0 0 1 1 1 81 112 203 0 0 0 -1 -1 2
38 #"drracket:check-syntax:lexically-bound\0"
0 -1 1 #"\0"
1 0 -1 92 -1 93 -1 -1 0 1 0 0 0 0 0 0 0 1 1 1 81 112 203 0 0 0 -1 -1 2 1
#"\0"
0 -1 1 #"\0"
1 0 -1 92 -1 93 -1 -1 0 1 0 0 0 0 0 0 0 1 1 1 178 34 34 0 0 0 -1 -1 2 28
#"drracket:check-syntax:set!d\0"
0 -1 1 #"\0"
1 0 -1 92 -1 93 -1 -1 0 1 0 0 0 0 0 0 0 1 1 1 178 34 34 0 0 0 -1 -1 2 37
#"drracket:check-syntax:unused-require\0"
0 -1 1 #"\0"
1 0 -1 92 -1 93 -1 -1 0 1 0 0 0 0 0 0 0 1 1 1 255 0 0 0 0 0 -1 -1 2 36
#"drracket:check-syntax:free-variable\0"
0 -1 1 #"\0"
1 0 -1 92 -1 93 -1 -1 0 1 0 0 0 0 0 0 0 1 1 1 255 0 0 0 0 0 -1 -1 2 1
#"\0"
0 -1 1 #"\0"
1 0 -1 92 -1 93 -1 -1 0 1 0 0 0 0 0 0 0 1 1 1 68 0 203 0 0 0 -1 -1 2 31
#"drracket:check-syntax:imported\0"
0 -1 1 #"\0"
1 0 -1 92 -1 93 -1 -1 0 1 0 0 0 0 0 0 0 1 1 1 68 0 203 0 0 0 -1 -1 2 47
#"drracket:check-syntax:my-obligation-style-pref\0"
0 -1 1 #"\0"
1 0 -1 92 -1 93 -1 -1 0 1 0 0 0 0 0 0 0 1 1 1 178 34 34 0 0 0 -1 -1 2 1
#"\0"
0 -1 1 #"\0"
1 0 -1 92 -1 93 -1 -1 0 1 0 0 0 0 0 0 0 1 1 1 0 116 0 0 0 0 -1 -1 2 50
#"drracket:check-syntax:their-obligation-style-pref\0"
0 -1 1 #"\0"
1 0 -1 92 -1 93 -1 -1 0 1 0 0 0 0 0 0 0 1 1 1 0 116 0 0 0 0 -1 -1 2 48
#"drracket:check-syntax:unk-obligation-style-pref\0"
0 -1 1 #"\0"
1 0 -1 92 -1 93 -1 -1 0 1 0 0 0 0 0 0 0 1 1 1 0 0 0 0 0 0 -1 -1 2 1
#"\0"
0 -1 1 #"\0"
1 0 -1 92 -1 93 -1 -1 0 1 0 0 0 0 0 0 0 1 1 1 139 142 28 0 0 0 -1 -1 2
49 #"drracket:check-syntax:both-obligation-style-pref\0"
0 -1 1 #"\0"
1 0 -1 92 -1 93 -1 -1 0 1 0 0 0 0 0 0 0 1 1 1 139 142 28 0 0 0 -1 -1 2
26 #"plt:htdp:test-coverage-on\0"
0 -1 1 #"\0"
1 0 -1 92 -1 93 -1 -1 0 1 0 0 0 0 0 0 0 1 1 1 0 0 0 0 0 0 -1 -1 2 1
#"\0"
0 -1 1 #"\0"
1 0 -1 92 -1 93 -1 -1 0 1 0 0 0 1 0 0 0 0 0 0 255 165 0 0 0 0 -1 -1 2 27
#"plt:htdp:test-coverage-off\0"
0 -1 1 #"\0"
1 0 -1 92 -1 93 -1 -1 0 1 0 0 0 1 0 0 0 0 0 0 255 165 0 0 0 0 -1 -1 4 1
#"\0"
0 70 1 #"\0"
1.0 0 -1 -1 -1 -1 -1 -1 0 0 0 0 0 0 1.0 1.0 1.0 1.0 1.0 1.0 0 0 0 0 0 0
-1 -1 4 4 #"XML\0"
0 70 1 #"\0"
1.0 0 -1 -1 -1 -1 -1 -1 0 0 0 0 0 0 1.0 1.0 1.0 1.0 1.0 1.0 0 0 0 0 0 0
-1 -1 2 37 #"plt:module-language:test-coverage-on\0"
0 -1 1 #"\0"
1 0 -1 92 -1 93 -1 -1 0 1 0 0 0 0 0 0 0 1 1 1 0 0 0 0 0 0 -1 -1 2 38
#"plt:module-language:test-coverage-off\0"
0 -1 1 #"\0"
1 0 -1 92 -1 93 -1 -1 0 1 0 0 0 1 0 0 0 0 0 0 255 165 0 0 0 0 -1 -1 4 1
#"\0"
0 71 1 #"\0"
1.0 0 -1 -1 -1 -1 -1 -1 0 0 0 0 0 0 1.0 1.0 1.0 1.0 1.0 1.0 0 0 0 0 0 0
-1 -1 4 1 #"\0"
0 -1 1 #"\0"
1.0 0 -1 -1 -1 -1 -1 -1 1 0 0 0 0 0 0 0 0 1.0 1.0 1.0 0 0 255 0 0 0 -1
-1 4 1 #"\0"
0 71 1 #"\0"
1.0 0 -1 -1 -1 -1 -1 -1 1 0 0 0 0 0 0 0 0 1.0 1.0 1.0 0 0 255 0 0 0 -1
-1 4 1 #"\0"
0 71 1 #"\0"
1.0 0 -1 -1 -1 -1 -1 -1 0 0 0 0 0 0 0 0 0 1.0 1.0 1.0 0 100 0 0 0 0 -1
-1 0 1 #"\0"
0 75 10 #"Monospace\0"
0.0 12 90 -1 90 -1 3 -1 0 1 0 1 0 0 0.0 0.0 0.0 0.0 0.0 0.0 0 0 0 255
255 255 1 -1 2 1 #"\0"
0 -1 1 #"\0"
1.0 0 -1 -1 -1 -1 -1 -1 0 0 0 0 0 1 0.0 0.0 0.0 0.0 0.0 0.0 0 0 0 255
255 255 -1 -1 2 1 #"\0"
0 -1 1 #"\0"
1.0 0 -1 92 -1 93 -1 -1 0 1 0 0 0 0 0.0 0.0 0.0 1.0 1.0 1.0 150 0 150 0
0 0 -1 -1 2 1 #"\0"
0 -1 1 #"\0"
1.0 0 -1 92 93 -1 -1 -1 0 1 0 0 0 0 0.0 0.0 0.0 1.0 1.0 1.0 255 0 0 0 0
0 -1 -1 2 1 #"\0"
0 -1 1 #"\0"
1.0 0 -1 92 -1 93 -1 -1 0 1 0 0 0 0 0.0 0.0 0.0 1.0 1.0 1.0 0 0 175 0 0
0 -1 -1 2 1 #"\0"
0 -1 1 #"\0"
1.0 0 -1 -1 -1 -1 -1 -1 0 0 0 0 0 0 0.0 0.0 0.0 1.0 1.0 1.0 0 0 0 0 0 0
-1 -1 2 1 #"\0"
0 -1 1 #"\0"
1.0 0 -1 -1 -1 -1 -1 -1 0 0 0 0 0 0 0.0 0.0 0.0 1.0 1.0 1.0 200 0 0 0 0
0 -1 -1 4 1 #"\0"
0 -1 1 #"\0"
1.0 0 92 -1 -1 -1 -1 -1 0 0 0 0 0 1 0.0 0.0 0.0 0.0 0.0 0.0 0 0 0 255
255 0 -1 -1 0 1 #"\0"
0 -1 1 #"\0"
0.0 11 -1 -1 -1 -1 -1 -1 0 0 0 0 0 0 1.0 1.0 1.0 1.0 1.0 1.0 0 0 0 0 0 0
-1 -1 2 1 #"\0"
0 -1 1 #"\0"
0.0 11 -1 -1 -1 -1 -1 -1 0 0 0 0 0 0 1.0 1.0 1.0 1.0 1.0 1.0 0 0 0 0 0 0
-1 -1           0 102 0 4 3 85
(
 #";; The first three lines of this file were inserted by DrRacket. The"
 #"y record metadata"
) 0 0 4 29 1 #"\n"
0 0 4 3 85
(
 #";; about the language level of this file in a form that our tools ca"
 #"n easily process."
) 0 0 4 29 1 #"\n"
0 0 4 3 184
(
 #"#reader(lib \"htdp-beginner-reader.ss\" \"lang\")((modname |Fixed-Si"
 #"ze Data|) (read-case-sensitive #t) (teachpacks ()) (htdp-settings #("
 #"#t constructor repeating-decimal #f #t none #f ())))"
) 0 0 4 29 1 #"\n"
0 0 17 3 16 #";Fixed-Size Data"
0 0 24 29 1 #"\n"
0 0 24 29 1 #"\n"
0 7         390 4           0 0           0 62 0 14 3 8 #"Exercise"
0 0 24 3 1 #" "
0 0 21 3 2 #"1."
0 0 24 3 1 #" "
0 0 14 3 3 #"The"
0 0 24 3 1 #" "
0 0 14 3 6 #"direct"
0 0 24 3 1 #" "
0 0 14 3 4 #"goal"
0 0 24 3 1 #" "
0 0 14 3 2 #"of"
0 0 24 3 1 #" "
0 0 14 3 4 #"this"
0 0 24 3 1 #" "
0 0 14 3 8 #"exercise"
0 0 24 3 1 #" "
0 0 14 3 2 #"is"
0 0 24 3 1 #" "
0 0 14 3 2 #"to"
0 0 24 3 1 #" "
0 0 14 3 6 #"create"
0 0 24 3 1 #" "
0 0 14 3 2 #"an"
0 0 24 3 1 #" "
0 0 14 3 10 #"expression"
0 0 24 3 1 #" "
0 0 14 3 4 #"that"
0 0 24 3 1 #" "
0 0 14 3 8 #"computes"
0 0 24 3 1 #" "
0 0 24 29 1 #"\n"
0 0 14 3 3 #"the"
0 0 24 3 1 #" "
0 0 14 3 8 #"distance"
0 0 24 3 1 #" "
0 0 14 3 2 #"of"
0 0 24 3 1 #" "
0 0 14 3 4 #"some"
0 0 24 3 1 #" "
0 0 14 3 8 #"specific"
0 0 24 3 1 #" "
0 0 14 3 9 #"Cartesian"
0 0 24 3 1 #" "
0 0 14 3 5 #"point"
0 0 24 3 2 #" ("
0 0 14 3 1 #"x"
0 0 28 3 1 #","
0 0 14 3 1 #"y"
0 0 24 3 2 #") "
0 0 14 3 4 #"from"
0 0 24 3 1 #" "
0 0 14 3 3 #"the"
0 0 24 3 1 #" "
0 0 14 3 6 #"origin"
0 0 24 3 2 #" ("
0 0 21 3 1 #"0"
0 0 28 3 1 #","
0 0 21 3 1 #"0"
0 0 24 3 1 #")"
0 0 28 3 1 #"."
0 0 24 3 1 #" "
0 2          15 2 1 #"\0"
2 -1.0 -1.0 0.0 0.0 0           2 500
(
 #"\211PNG\r\n\32\n\0\0\0\rIHDR\0\0\0<\0\0\0\22\b"
 #"\6\0\0\0\aZ\2754\0\0\2DIDATX\205\315W\335\261\2620\20"
 #"=\367\233\333\300\372\342{ZH\vX\2\226\20K\b\258P\2\226\220\224 "
 #"%$3\276;P\2\224\260\367\301!"
 #"\27\365\242\211~:\236\27@\262\354\357"
 #"\331]\277\230\231\221\200\355v\213\343\361"
 #"\210\345r\231\"\366\21PJ\341;U\350p8\300\30\363\n{\336\202\177)\207"
 #"\233\246A\226e\257\262\345=\340\4(\245R\216\177$\242K\272i\32H)\243"
 #"\3\3314M\270\n!\240\224J\317\306"
 #"\23\260\326\202\210`\255\205\224\362W\177"
 #"ld\224R\334\367}t$\245\224\314\314\334\367=\23Qz*\236\304\234\376("
 #"\16w]\a\"\2\21EG\3309\367Pf\376\27\346\364G9\274\333\355\240\265"
 #"~HqUUI\345\\\24\305Czb\365\337\345p\327u\0\220\224\335\21\336"
 #"{\0@Y\226\311\262\217`\30\6\0\277\266z\357AD\347\311bf\326Zs"
 #"]\327\177rAk\315m\333^\375\356"
 #"\234\343\375~\317\306\30VJ\261\326\232"
 #"\211\210\235s\201;Zkf\346\331o"
 #"\317\351\213A]\327\274\337\357\317\316+"
 #"\245\330\30\23\364\217\367S\375\337\326Z"
 #"\0\247\256vYzc\304\204\20W\321\354\272\16y\236c\30\6l6\e\364}"
 #"\217<\317C'_\255V \"\254V\253?\345\237\201\367\36B\b\20Q\250@"
 #"\3404\21\306jZ\257\327\0Nt\234\352\377bf\36\206\1\213\305\2m\333\236"
 #"\275,\212\2J\251\233\6[ka\255}h\373j\232&\214\257\2513\227\343o"
 #"\316\206\242(\302\310\353\272\16\353\365\372"
 #"~\263\234\226\303\345b\221\347yT\t\226e\31\236SF\327\334\367"
 #"b!\204\bt3\306D\311\6\207\235sLD\301\340\221#s\30\271"
) 137
(
 #"*\204\b\367\306\230\267:<\311\327\31"
 #"\177o\312L\37\244\224\201\340\267\326H"
 #"\347\34\v!B\263+\313\222\2151\301"
 #"\361g\220\342\360X]\306\30\6\20\25"
 #"\354\263\261\244\224BUU\0ps\215\224R\242m\333\333\\y1\274\367\320Z"
 #"\203\210\340\275G\226eq\243\3632\2D\24\326\262O\306t\4\346y\36]]"
 #"W\213\307\275\256\374)\320Zc\30\206\260I\305\376\261\371\1"
 #"a\351\272\352\241+\327\316\0\0\0\0IEND\256B`\202"
) 0           0 0 0 24 29 1 #"\n"
0 0 24 29 1 #"\n"
0 0 24 3 1 #"("
0 0 15 3 6 #"define"
0 0 24 3 1 #" "
0 0 14 3 1 #"x"
0 0 24 3 1 #" "
0 0 21 3 2 #"12"
0 0 24 3 1 #")"
0 0 24 29 1 #"\n"
0 0 24 3 1 #"("
0 0 15 3 6 #"define"
0 0 24 3 1 #" "
0 0 14 3 1 #"y"
0 0 24 3 1 #" "
0 0 21 3 1 #"5"
0 0 24 3 1 #")"
0 0 24 29 1 #"\n"
0 0 24 29 1 #"\n"
0 0 24 3 1 #"("
0 0 14 3 4 #"sqrt"
0 0 24 3 1 #"("
0 0 14 3 1 #"+"
0 0 24 3 2 #" ("
0 0 14 3 1 #"*"
0 0 24 3 1 #" "
0 0 14 3 1 #"x"
0 0 24 3 1 #" "
0 0 14 3 1 #"x"
0 0 24 3 3 #") ("
0 0 14 3 1 #"*"
0 0 24 3 1 #" "
0 0 14 3 1 #"y"
0 0 24 3 1 #" "
0 0 14 3 1 #"y"
0 0 24 3 3 #")))"
0 0 24 29 1 #"\n"
0 0 24 29 1 #"\n"
0 7         181 4           0 0           0 29 0 14 3 8 #"Exercise"
0 0 24 3 1 #" "
0 0 21 3 2 #"2."
0 0 24 3 1 #" "
0 0 14 3 6 #"Create"
0 0 24 3 1 #" "
0 0 14 3 2 #"an"
0 0 24 3 1 #" "
0 0 14 3 10 #"expression"
0 0 24 3 1 #" "
0 0 14 3 4 #"that"
0 0 24 3 1 #" "
0 0 14 3 12 #"concatenates"
0 0 24 3 1 #" "
0 0 14 3 6 #"prefix"
0 0 24 3 1 #" "
0 0 14 3 3 #"and"
0 0 24 3 1 #" "
0 0 14 3 6 #"suffix"
0 0 24 3 1 #" "
0 0 14 3 3 #"and"
0 0 24 3 1 #" "
0 0 14 3 4 #"adds"
0 0 24 3 1 #" "
0 0 19 3 3 #"\"_\""
0 0 24 3 1 #" "
0 0 14 3 7 #"between"
0 0 24 3 1 #" "
0 0 14 3 5 #"them."
0           0 0 0 24 29 1 #"\n"
0 0 24 29 1 #"\n"
0 0 24 3 1 #"("
0 0 15 3 6 #"define"
0 0 24 3 1 #" "
0 0 14 3 6 #"prefix"
0 0 24 3 1 #" "
0 0 19 3 7 #"\"hello\""
0 0 24 3 1 #")"
0 0 24 29 1 #"\n"
0 0 24 3 1 #"("
0 0 15 3 6 #"define"
0 0 24 3 1 #" "
0 0 14 3 6 #"suffix"
0 0 24 3 1 #" "
0 0 19 3 7 #"\"world\""
0 0 24 3 1 #")"
0 0 24 29 1 #"\n"
0 0 24 29 1 #"\n"
0 0 24 3 1 #"("
0 0 14 3 13 #"string-append"
0 0 24 3 1 #" "
0 0 14 3 6 #"prefix"
0 0 24 3 1 #" "
0 0 19 3 3 #"\"_\""
0 0 24 3 1 #" "
0 0 14 3 6 #"suffix"
0 0 24 3 1 #")"
0 0 24 29 1 #"\n"
0 0 24 29 1 #"\n"
0 7         181 4           0 0           0 29 0 14 3 8 #"Exercise"
0 0 24 3 1 #" "
0 0 21 3 2 #"3."
0 0 24 3 1 #" "
0 0 14 3 6 #"Create"
0 0 24 3 1 #" "
0 0 14 3 2 #"an"
0 0 24 3 1 #" "
0 0 14 3 10 #"expression"
0 0 24 3 1 #" "
0 0 14 3 4 #"that"
0 0 24 3 1 #" "
0 0 14 3 12 #"concatenates"
0 0 24 3 1 #" "
0 0 14 3 6 #"prefix"
0 0 24 3 1 #" "
0 0 14 3 3 #"and"
0 0 24 3 1 #" "
0 0 14 3 6 #"suffix"
0 0 24 3 1 #" "
0 0 14 3 3 #"and"
0 0 24 3 1 #" "
0 0 14 3 4 #"adds"
0 0 24 3 1 #" "
0 0 19 3 3 #"\"_\""
0 0 24 3 1 #" "
0 0 14 3 7 #"between"
0 0 24 3 1 #" "
0 0 14 3 5 #"them."
0           0 0 0 24 29 1 #"\n"
0 0 24 3 1 #"("
0 0 15 3 6 #"define"
0 0 24 3 1 #" "
0 0 14 3 3 #"str"
0 0 24 3 1 #" "
0 0 19 3 12 #"\"helloworld\""
0 0 24 3 1 #")"
0 0 24 29 1 #"\n"
0 0 24 3 1 #"("
0 0 15 3 6 #"define"
0 0 24 3 1 #" "
0 0 14 3 1 #"i"
0 0 24 3 1 #" "
0 0 21 3 1 #"5"
0 0 24 3 1 #")"
0 0 24 29 1 #"\n"
0 0 24 29 1 #"\n"
0 0 24 29 1 #"\n"
0 0 24 29 1 #"\n"
0 0 24 29 1 #"\n"
0 0 24 29 1 #"\n"
0           0
