#reader(lib"read.ss""wxme")WXME0108 ## 
#|
   This file uses the GRacket editor format.
   Open this file in DrRacket version 6.1 or later to read it.

   Most likely, it was created by saving a program in DrRacket,
   and it probably contains a program with non-text elements
   (such as images or comment boxes).

            http://racket-lang.org/
|#
 31 7 #"wxtext\0"
3 1 6 #"wxtab\0"
1 1 8 #"wximage\0"
2 0 8 #"wxmedia\0"
4 1 34 #"(lib \"syntax-browser.ss\" \"mrlib\")\0"
1 0 16 #"drscheme:number\0"
3 0 44 #"(lib \"number-snip.ss\" \"drscheme\" \"private\")\0"
1 0 36 #"(lib \"comment-snip.ss\" \"framework\")\0"
1 0 93
(
 #"((lib \"collapsed-snipclass.ss\" \"framework\") (lib \"collapsed-sni"
 #"pclass-wxme.ss\" \"framework\"))\0"
) 0 0 43 #"(lib \"collapsed-snipclass.ss\" \"framework\")\0"
0 0 19 #"drscheme:sexp-snip\0"
0 0 36 #"(lib \"cache-image-snip.ss\" \"mrlib\")\0"
1 0 68
(
 #"((lib \"image-core.ss\" \"mrlib\") (lib \"image-core-wxme.rkt\" \"mr"
 #"lib\"))\0"
) 1 0 29 #"drscheme:bindings-snipclass%\0"
1 0 88
(
 #"((lib \"pict-snip.rkt\" \"drracket\" \"private\") (lib \"pict-snip.r"
 #"kt\" \"drracket\" \"private\"))\0"
) 0 0 34 #"(lib \"bullet-snip.rkt\" \"browser\")\0"
0 0 25 #"(lib \"matrix.ss\" \"htdp\")\0"
1 0 22 #"drscheme:lambda-snip%\0"
1 0 29 #"drclickable-string-snipclass\0"
0 0 26 #"drracket:spacer-snipclass\0"
0 0 57
#"(lib \"hrule-snip.rkt\" \"macro-debugger\" \"syntax-browser\")\0"
1 0 26 #"drscheme:pict-value-snip%\0"
0 0 45 #"(lib \"image-snipr.ss\" \"slideshow\" \"private\")\0"
1 0 38 #"(lib \"pict-snipclass.ss\" \"slideshow\")\0"
2 0 55 #"(lib \"vertical-separator-snip.ss\" \"stepper\" \"private\")\0"
1 0 18 #"drscheme:xml-snip\0"
1 0 31 #"(lib \"xml-snipclass.ss\" \"xml\")\0"
1 0 21 #"drscheme:scheme-snip\0"
2 0 34 #"(lib \"scheme-snipclass.ss\" \"xml\")\0"
1 0 10 #"text-box%\0"
1 0 32 #"(lib \"text-snipclass.ss\" \"xml\")\0"
1 0 1 6 #"wxloc\0"
          0 0 74 0 1 #"\0"
0 75 1 #"\0"
0 12 90 -1 90 -1 3 -1 0 1 0 1 0 0 0 0 0 0 0 0 0 0 0 255 255 255 1 -1 0 9
#"Standard\0"
0 75 10 #"Monospace\0"
0 12 90 -1 90 -1 3 -1 0 1 0 1 0 0 0 0 0 0 0 0 0 0 0 255 255 255 1 -1 2 1
#"\0"
0 -1 1 #"\0"
1 0 -1 -1 -1 -1 -1 -1 0 0 0 0 0 0 1 1 1 1 1 1 0 0 0 0 0 0 -1 -1 2 24
#"framework:default-color\0"
0 -1 1 #"\0"
1 0 -1 -1 -1 -1 -1 -1 0 0 0 0 0 1 0 0 0 0 0 0 0 0 0 255 255 255 -1 -1 2
1 #"\0"
0 -1 1 #"\0"
1 0 -1 -1 -1 -1 -1 -1 0 0 0 0 0 0 0 0 0 1 1 1 150 0 150 0 0 0 -1 -1 2 15
#"text:ports out\0"
0 -1 1 #"\0"
1 0 -1 92 -1 93 -1 -1 0 1 0 0 0 0 0 0 0 1 1 1 150 0 150 0 0 0 -1 -1 2 1
#"\0"
0 -1 1 #"\0"
1.0 0 -1 -1 93 -1 -1 -1 0 0 0 0 0 0 0 0 0 1.0 1.0 1.0 255 0 0 0 0 0 -1
-1 2 15 #"text:ports err\0"
0 -1 1 #"\0"
1 0 -1 92 93 -1 -1 -1 0 1 0 0 0 0 0 0 0 1 1 1 255 0 0 0 0 0 -1 -1 2 1
#"\0"
0 -1 1 #"\0"
1 0 -1 -1 -1 -1 -1 -1 0 0 0 0 0 0 0 0 0 1 1 1 0 0 175 0 0 0 -1 -1 2 17
#"text:ports value\0"
0 -1 1 #"\0"
1 0 -1 92 -1 93 -1 -1 0 1 0 0 0 0 0 0 0 1 1 1 0 0 175 0 0 0 -1 -1 2 1
#"\0"
0 -1 1 #"\0"
1.0 0 92 -1 -1 -1 -1 -1 0 0 0 0 0 0 0 0 0 1.0 1.0 1.0 34 139 34 0 0 0 -1
-1 2 27 #"Matching Parenthesis Style\0"
0 -1 1 #"\0"
1.0 0 92 -1 -1 -1 -1 -1 0 0 0 0 0 0 0 0 0 1.0 1.0 1.0 34 139 34 0 0 0 -1
-1 2 1 #"\0"
0 -1 1 #"\0"
1 0 -1 92 -1 93 -1 -1 0 1 0 0 0 0 0 0 0 1 1 1 38 38 128 0 0 0 -1 -1 2 37
#"framework:syntax-color:scheme:symbol\0"
0 -1 1 #"\0"
1 0 -1 92 -1 93 -1 -1 0 1 0 0 0 0 0 0 0 1 1 1 38 38 128 0 0 0 -1 -1 2 38
#"framework:syntax-color:scheme:keyword\0"
0 -1 1 #"\0"
1 0 -1 92 -1 93 -1 -1 0 1 0 0 0 0 0 0 0 1 1 1 38 38 128 0 0 0 -1 -1 2 1
#"\0"
0 -1 1 #"\0"
1 0 -1 92 -1 93 -1 -1 0 1 0 0 0 0 0 0 0 1 1 1 194 116 31 0 0 0 -1 -1 2
38 #"framework:syntax-color:scheme:comment\0"
0 -1 1 #"\0"
1 0 -1 92 -1 93 -1 -1 0 1 0 0 0 0 0 0 0 1 1 1 194 116 31 0 0 0 -1 -1 2 1
#"\0"
0 -1 1 #"\0"
1 0 -1 92 -1 93 -1 -1 0 1 0 0 0 0 0 0 0 1 1 1 41 128 38 0 0 0 -1 -1 2 37
#"framework:syntax-color:scheme:string\0"
0 -1 1 #"\0"
1 0 -1 92 -1 93 -1 -1 0 1 0 0 0 0 0 0 0 1 1 1 41 128 38 0 0 0 -1 -1 2 35
#"framework:syntax-color:scheme:text\0"
0 -1 1 #"\0"
1 0 -1 92 -1 93 -1 -1 0 1 0 0 0 0 0 0 0 1 1 1 41 128 38 0 0 0 -1 -1 2 39
#"framework:syntax-color:scheme:constant\0"
0 -1 1 #"\0"
1 0 -1 92 -1 93 -1 -1 0 1 0 0 0 0 0 0 0 1 1 1 41 128 38 0 0 0 -1 -1 2 1
#"\0"
0 -1 1 #"\0"
1 0 -1 92 -1 93 -1 -1 0 1 0 0 0 0 0 0 0 1 1 1 132 60 36 0 0 0 -1 -1 2 49
#"framework:syntax-color:scheme:hash-colon-keyword\0"
0 -1 1 #"\0"
1 0 -1 92 -1 93 -1 -1 0 1 0 0 0 0 0 0 0 1 1 1 132 60 36 0 0 0 -1 -1 2 42
#"framework:syntax-color:scheme:parenthesis\0"
0 -1 1 #"\0"
1 0 -1 92 -1 93 -1 -1 0 1 0 0 0 0 0 0 0 1 1 1 132 60 36 0 0 0 -1 -1 2 1
#"\0"
0 -1 1 #"\0"
1 0 -1 92 -1 93 -1 -1 0 1 0 0 0 0 0 0 0 1 1 1 255 0 0 0 0 0 -1 -1 2 36
#"framework:syntax-color:scheme:error\0"
0 -1 1 #"\0"
1 0 -1 92 -1 93 -1 -1 0 1 0 0 0 0 0 0 0 1 1 1 255 0 0 0 0 0 -1 -1 2 1
#"\0"
0 -1 1 #"\0"
1 0 -1 92 -1 93 -1 -1 0 1 0 0 0 0 0 0 0 1 1 1 0 0 0 0 0 0 -1 -1 2 36
#"framework:syntax-color:scheme:other\0"
0 -1 1 #"\0"
1 0 -1 92 -1 93 -1 -1 0 1 0 0 0 0 0 0 0 1 1 1 0 0 0 0 0 0 -1 -1 2 16
#"Misspelled Text\0"
0 -1 1 #"\0"
1 0 -1 -1 -1 -1 -1 -1 0 0 0 0 0 0 0 0 0 1 1 1 0 0 0 0 0 0 -1 -1 2 1
#"\0"
0 -1 1 #"\0"
1 0 -1 92 -1 93 -1 -1 0 1 0 0 0 0 0 0 0 1 1 1 81 112 203 0 0 0 -1 -1 2
38 #"drracket:check-syntax:lexically-bound\0"
0 -1 1 #"\0"
1 0 -1 92 -1 93 -1 -1 0 1 0 0 0 0 0 0 0 1 1 1 81 112 203 0 0 0 -1 -1 2 1
#"\0"
0 -1 1 #"\0"
1 0 -1 92 -1 93 -1 -1 0 1 0 0 0 0 0 0 0 1 1 1 178 34 34 0 0 0 -1 -1 2 28
#"drracket:check-syntax:set!d\0"
0 -1 1 #"\0"
1 0 -1 92 -1 93 -1 -1 0 1 0 0 0 0 0 0 0 1 1 1 178 34 34 0 0 0 -1 -1 2 37
#"drracket:check-syntax:unused-require\0"
0 -1 1 #"\0"
1 0 -1 92 -1 93 -1 -1 0 1 0 0 0 0 0 0 0 1 1 1 255 0 0 0 0 0 -1 -1 2 36
#"drracket:check-syntax:free-variable\0"
0 -1 1 #"\0"
1 0 -1 92 -1 93 -1 -1 0 1 0 0 0 0 0 0 0 1 1 1 255 0 0 0 0 0 -1 -1 2 1
#"\0"
0 -1 1 #"\0"
1 0 -1 92 -1 93 -1 -1 0 1 0 0 0 0 0 0 0 1 1 1 68 0 203 0 0 0 -1 -1 2 31
#"drracket:check-syntax:imported\0"
0 -1 1 #"\0"
1 0 -1 92 -1 93 -1 -1 0 1 0 0 0 0 0 0 0 1 1 1 68 0 203 0 0 0 -1 -1 2 47
#"drracket:check-syntax:my-obligation-style-pref\0"
0 -1 1 #"\0"
1 0 -1 92 -1 93 -1 -1 0 1 0 0 0 0 0 0 0 1 1 1 178 34 34 0 0 0 -1 -1 2 1
#"\0"
0 -1 1 #"\0"
1 0 -1 92 -1 93 -1 -1 0 1 0 0 0 0 0 0 0 1 1 1 0 116 0 0 0 0 -1 -1 2 50
#"drracket:check-syntax:their-obligation-style-pref\0"
0 -1 1 #"\0"
1 0 -1 92 -1 93 -1 -1 0 1 0 0 0 0 0 0 0 1 1 1 0 116 0 0 0 0 -1 -1 2 48
#"drracket:check-syntax:unk-obligation-style-pref\0"
0 -1 1 #"\0"
1 0 -1 92 -1 93 -1 -1 0 1 0 0 0 0 0 0 0 1 1 1 0 0 0 0 0 0 -1 -1 2 1
#"\0"
0 -1 1 #"\0"
1 0 -1 92 -1 93 -1 -1 0 1 0 0 0 0 0 0 0 1 1 1 139 142 28 0 0 0 -1 -1 2
49 #"drracket:check-syntax:both-obligation-style-pref\0"
0 -1 1 #"\0"
1 0 -1 92 -1 93 -1 -1 0 1 0 0 0 0 0 0 0 1 1 1 139 142 28 0 0 0 -1 -1 2
26 #"plt:htdp:test-coverage-on\0"
0 -1 1 #"\0"
1 0 -1 92 -1 93 -1 -1 0 1 0 0 0 0 0 0 0 1 1 1 0 0 0 0 0 0 -1 -1 2 1
#"\0"
0 -1 1 #"\0"
1 0 -1 92 -1 93 -1 -1 0 1 0 0 0 1 0 0 0 0 0 0 255 165 0 0 0 0 -1 -1 2 27
#"plt:htdp:test-coverage-off\0"
0 -1 1 #"\0"
1 0 -1 92 -1 93 -1 -1 0 1 0 0 0 1 0 0 0 0 0 0 255 165 0 0 0 0 -1 -1 4 1
#"\0"
0 70 1 #"\0"
1.0 0 -1 -1 -1 -1 -1 -1 0 0 0 0 0 0 1.0 1.0 1.0 1.0 1.0 1.0 0 0 0 0 0 0
-1 -1 4 4 #"XML\0"
0 70 1 #"\0"
1.0 0 -1 -1 -1 -1 -1 -1 0 0 0 0 0 0 1.0 1.0 1.0 1.0 1.0 1.0 0 0 0 0 0 0
-1 -1 2 37 #"plt:module-language:test-coverage-on\0"
0 -1 1 #"\0"
1 0 -1 92 -1 93 -1 -1 0 1 0 0 0 0 0 0 0 1 1 1 0 0 0 0 0 0 -1 -1 2 38
#"plt:module-language:test-coverage-off\0"
0 -1 1 #"\0"
1 0 -1 92 -1 93 -1 -1 0 1 0 0 0 1 0 0 0 0 0 0 255 165 0 0 0 0 -1 -1 4 1
#"\0"
0 71 1 #"\0"
1.0 0 -1 -1 -1 -1 -1 -1 0 0 0 0 0 0 1.0 1.0 1.0 1.0 1.0 1.0 0 0 0 0 0 0
-1 -1 4 1 #"\0"
0 -1 1 #"\0"
1.0 0 -1 -1 -1 -1 -1 -1 1 0 0 0 0 0 0 0 0 1.0 1.0 1.0 0 0 255 0 0 0 -1
-1 4 1 #"\0"
0 71 1 #"\0"
1.0 0 -1 -1 -1 -1 -1 -1 1 0 0 0 0 0 0 0 0 1.0 1.0 1.0 0 0 255 0 0 0 -1
-1 4 1 #"\0"
0 71 1 #"\0"
1.0 0 -1 -1 -1 -1 -1 -1 0 0 0 0 0 0 0 0 0 1.0 1.0 1.0 0 100 0 0 0 0 -1
-1 0 1 #"\0"
0 75 10 #"Monospace\0"
0.0 12 90 -1 90 -1 3 -1 0 1 0 1 0 0 0.0 0.0 0.0 0.0 0.0 0.0 0 0 0 255
255 255 1 -1 2 1 #"\0"
0 -1 1 #"\0"
1.0 0 -1 -1 -1 -1 -1 -1 0 0 0 0 0 1 0.0 0.0 0.0 0.0 0.0 0.0 0 0 0 255
255 255 -1 -1 2 1 #"\0"
0 -1 1 #"\0"
1.0 0 -1 92 -1 93 -1 -1 0 1 0 0 0 0 0.0 0.0 0.0 1.0 1.0 1.0 150 0 150 0
0 0 -1 -1 2 1 #"\0"
0 -1 1 #"\0"
1.0 0 -1 92 93 -1 -1 -1 0 1 0 0 0 0 0.0 0.0 0.0 1.0 1.0 1.0 255 0 0 0 0
0 -1 -1 2 1 #"\0"
0 -1 1 #"\0"
1.0 0 -1 92 -1 93 -1 -1 0 1 0 0 0 0 0.0 0.0 0.0 1.0 1.0 1.0 0 0 175 0 0
0 -1 -1 2 1 #"\0"
0 -1 1 #"\0"
1.0 0 -1 -1 -1 -1 -1 -1 0 0 0 0 0 0 0.0 0.0 0.0 1.0 1.0 1.0 0 0 0 0 0 0
-1 -1 2 1 #"\0"
0 -1 1 #"\0"
1.0 0 -1 -1 -1 -1 -1 -1 0 0 0 0 0 0 0.0 0.0 0.0 1.0 1.0 1.0 200 0 0 0 0
0 -1 -1 4 1 #"\0"
0 -1 1 #"\0"
1.0 0 92 -1 -1 -1 -1 -1 0 0 0 0 0 1 0.0 0.0 0.0 0.0 0.0 0.0 0 0 0 255
255 0 -1 -1 0 1 #"\0"
0 -1 1 #"\0"
0.0 11 -1 -1 -1 -1 -1 -1 0 0 0 0 0 0 1.0 1.0 1.0 1.0 1.0 1.0 0 0 0 0 0 0
-1 -1 2 1 #"\0"
0 -1 1 #"\0"
0.0 11 -1 -1 -1 -1 -1 -1 0 0 0 0 0 0 1.0 1.0 1.0 1.0 1.0 1.0 0 0 0 0 0 0
-1 -1 17 1 #"\0"
0 -1 1 #"\0"
1.0 0 -1 -1 -1 -1 -1 -1 0 0 0 0 1 0 0.0 0.0 0.0 0.0 0.0 0.0 0 0 0 255
255 255 -1 -1 24 1 #"\0"
0 -1 1 #"\0"
1.0 0 -1 -1 -1 -1 -1 -1 0 0 0 0 1 0 0.0 0.0 0.0 0.0 0.0 0.0 0 0 0 255
255 255 -1 -1 15 1 #"\0"
0 -1 1 #"\0"
1.0 0 -1 -1 -1 -1 -1 -1 0 0 0 0 1 0 0.0 0.0 0.0 0.0 0.0 0.0 0 0 0 255
255 255 -1 -1 14 1 #"\0"
0 -1 1 #"\0"
1.0 0 -1 -1 -1 -1 -1 -1 0 0 0 0 1 0 0.0 0.0 0.0 0.0 0.0 0.0 0 0 0 255
255 255 -1 -1 4 1 #"\0"
0 -1 1 #"\0"
1.0 0 -1 -1 -1 -1 -1 -1 0 0 0 0 1 0 0.0 0.0 0.0 0.0 0.0 0.0 0 0 0 255
255 255 -1 -1 44 1 #"\0"
0 -1 1 #"\0"
1.0 0 -1 -1 -1 -1 -1 -1 0 0 0 0 1 0 0.0 0.0 0.0 0.0 0.0 0.0 0 0 0 255
255 255 -1 -1 46 1 #"\0"
0 -1 1 #"\0"
1.0 0 -1 -1 -1 -1 -1 -1 0 0 0 0 1 0 0.0 0.0 0.0 0.0 0.0 0.0 0 0 0 255
255 255 -1 -1 2 1 #"\0"
0 -1 1 #"\0"
1.0 0 -1 -1 -1 -1 -1 -1 1 0 0 0 0 0 1.0 1.0 1.0 1.0 1.0 1.0 0 0 0 0 0 0
-1 -1 2 1 #"\0"
0 -1 1 #"\0"
1.0 0 -1 -1 -1 -1 -1 -1 1 0 0 0 0 0 0.0 0.0 0.0 1.0 1.0 1.0 65 105 225 0
0 0 -1 -1           0 546 0 4 3 85
(
 #";; The first three lines of this file were inserted by DrRacket. The"
 #"y record metadata"
) 0 0 4 29 1 #"\n"
0 0 4 3 85
(
 #";; about the language level of this file in a form that our tools ca"
 #"n easily process."
) 0 0 4 29 1 #"\n"
0 0 4 3 214
(
 #"#reader(lib \"htdp-beginner-reader.ss\" \"lang\")((modname How-To-De"
 #"sign-Programs:Designing-World-Programs) (read-case-sensitive #t) (te"
 #"achpacks ()) (htdp-settings #(#t constructor repeating-decimal #f #t"
 #" none #f ())))"
) 0 0 4 29 1 #"\n"
0 0 17 3 64
#";Fixed-Size-Data How-To-Design-Programs:Designing-World-Programs"
0 0 24 29 1 #"\n"
0 0 24 3 1 #"("
0 0 15 3 7 #"require"
0 0 24 3 1 #" "
0 0 14 3 11 #"2htdp/image"
0 0 24 3 1 #")"
0 0 24 29 1 #"\n"
0 0 24 3 1 #"("
0 0 15 3 7 #"require"
0 0 24 3 1 #" "
0 0 14 3 14 #"2htdp/universe"
0 0 24 3 1 #")"
0 0 24 29 1 #"\n"
0 0 24 29 1 #"\n"
0 7        2233 69           0 0           0 371 0 14 3 3 #"How"
0 0 24 3 1 #" "
0 0 14 3 2 #"to"
0 0 24 3 1 #" "
0 0 14 3 6 #"Design"
0 0 24 3 1 #" "
0 0 14 3 4 #"Data"
0 0 24 3 2 #" ("
0 0 14 3 4 #"HtDD"
0 0 24 3 1 #")"
0 0 24 29 1 #"\n"
0 0 14 3 1 #"A"
0 0 24 3 1 #" "
0 0 14 3 4 #"data"
0 0 24 3 1 #" "
0 0 15 3 10 #"definition"
0 0 24 3 1 #" "
0 0 14 3 11 #"establishes"
0 0 24 3 1 #" "
0 0 14 3 3 #"the"
0 0 24 3 1 #" "
0 0 14 3 19 #"represent/interpret"
0 0 24 3 1 #" "
0 0 14 3 12 #"relationship"
0 0 24 3 1 #" "
0 0 14 3 7 #"between"
0 0 24 3 1 #" "
0 0 14 3 11 #"information"
0 0 24 3 1 #" "
0 0 14 3 3 #"and"
0 0 24 3 1 #" "
0 0 14 3 5 #"data:"
0 0 24 29 1 #"\n"
0 0 24 3 4 #"    "
0 0 14 3 12 #"*Information"
0 0 24 3 1 #" "
0 0 14 3 2 #"in"
0 0 24 3 1 #" "
0 0 14 3 3 #"the"
0 0 24 3 1 #" "
0 0 14 3 7 #"program"
0 0 21 3 1 #"'"
0 0 14 3 1 #"s"
0 0 24 3 1 #" "
0 0 14 3 6 #"domain"
0 0 24 3 1 #" "
0 0 14 3 2 #"is"
0 0 24 3 1 #" "
0 0 14 3 11 #"represented"
0 0 24 3 1 #" "
0 0 14 3 2 #"by"
0 0 24 3 1 #" "
0 0 14 3 4 #"data"
0 0 24 3 1 #" "
0 0 14 3 2 #"in"
0 0 24 3 1 #" "
0 0 14 3 3 #"the"
0 0 24 3 1 #" "
0 0 14 3 8 #"program."
0 0 24 29 1 #"\n"
0 0 24 3 4 #"    "
0 0 14 3 5 #"*Data"
0 0 24 3 1 #" "
0 0 14 3 2 #"in"
0 0 24 3 1 #" "
0 0 14 3 3 #"the"
0 0 24 3 1 #" "
0 0 14 3 7 #"program"
0 0 24 3 1 #" "
0 0 14 3 3 #"can"
0 0 24 3 1 #" "
0 0 14 3 2 #"be"
0 0 24 3 1 #" "
0 0 14 3 11 #"interpreted"
0 0 24 3 1 #" "
0 0 14 3 2 #"as"
0 0 24 3 1 #" "
0 0 14 3 11 #"information"
0 0 24 3 1 #" "
0 0 14 3 2 #"in"
0 0 24 3 1 #" "
0 0 14 3 3 #"the"
0 0 24 3 1 #" "
0 0 14 3 7 #"program"
0 0 21 3 1 #"'"
0 0 14 3 1 #"s"
0 0 24 3 1 #" "
0 0 14 3 7 #"domain."
0 0 24 29 1 #"\n"
0 0 24 29 1 #"\n"
0 0 14 3 1 #"A"
0 0 24 3 1 #" "
0 0 14 3 4 #"data"
0 0 24 3 1 #" "
0 0 15 3 10 #"definition"
0 0 24 3 1 #" "
0 0 14 3 4 #"must"
0 0 24 3 1 #" "
0 0 14 3 8 #"describe"
0 0 24 3 1 #" "
0 0 14 3 3 #"how"
0 0 24 3 1 #" "
0 0 14 3 2 #"to"
0 0 24 3 1 #" "
0 0 14 3 4 #"form"
0 0 24 3 2 #" ("
0 0 14 3 2 #"or"
0 0 24 3 1 #" "
0 0 14 3 4 #"make"
0 0 24 3 2 #") "
0 0 14 3 4 #"data"
0 0 24 3 1 #" "
0 0 14 3 4 #"that"
0 0 24 3 1 #" "
0 0 14 3 9 #"satisfies"
0 0 24 3 1 #" "
0 0 14 3 3 #"the"
0 0 24 3 1 #" "
0 0 14 3 4 #"data"
0 0 24 3 1 #" "
0 0 15 3 10 #"definition"
0 0 24 3 1 #" "
0 0 24 29 1 #"\n"
0 0 14 3 3 #"and"
0 0 24 3 1 #" "
0 0 14 3 4 #"also"
0 0 24 3 1 #" "
0 0 14 3 3 #"how"
0 0 24 3 1 #" "
0 0 14 3 2 #"to"
0 0 24 3 1 #" "
0 0 14 3 4 #"tell"
0 0 24 3 1 #" "
0 0 14 3 7 #"whether"
0 0 24 3 1 #" "
0 0 14 3 1 #"a"
0 0 24 3 1 #" "
0 0 14 3 4 #"data"
0 0 24 3 1 #" "
0 0 14 3 5 #"value"
0 0 24 3 1 #" "
0 0 14 3 9 #"satisfies"
0 0 24 3 1 #" "
0 0 14 3 3 #"the"
0 0 24 3 1 #" "
0 0 14 3 4 #"data"
0 0 24 3 1 #" "
0 0 15 3 11 #"definition."
0 0 24 29 1 #"\n"
0 0 14 3 2 #"It"
0 0 24 3 1 #" "
0 0 14 3 4 #"must"
0 0 24 3 1 #" "
0 0 14 3 4 #"also"
0 0 24 3 1 #" "
0 0 14 3 8 #"describe"
0 0 24 3 1 #" "
0 0 14 3 3 #"how"
0 0 24 3 1 #" "
0 0 14 3 2 #"to"
0 0 24 3 1 #" "
0 0 14 3 9 #"represent"
0 0 24 3 1 #" "
0 0 14 3 11 #"information"
0 0 24 3 1 #" "
0 0 14 3 2 #"in"
0 0 24 3 1 #" "
0 0 14 3 3 #"the"
0 0 24 3 1 #" "
0 0 14 3 7 #"program"
0 0 21 3 1 #"'"
0 0 14 3 1 #"s"
0 0 24 3 1 #" "
0 0 14 3 6 #"domain"
0 0 24 3 1 #" "
0 0 14 3 2 #"as"
0 0 24 3 1 #" "
0 0 14 3 4 #"data"
0 0 24 3 1 #" "
0 0 24 29 1 #"\n"
0 0 14 3 3 #"and"
0 0 24 3 1 #" "
0 0 14 3 9 #"interpret"
0 0 24 3 1 #" "
0 0 14 3 1 #"a"
0 0 24 3 1 #" "
0 0 14 3 4 #"data"
0 0 24 3 1 #" "
0 0 14 3 5 #"value"
0 0 24 3 1 #" "
0 0 14 3 2 #"as"
0 0 24 3 1 #" "
0 0 14 3 12 #"information."
0 0 24 29 1 #"\n"
0 0 14 3 3 #"The"
0 0 24 3 1 #" "
0 0 14 3 5 #"first"
0 0 24 3 1 #" "
0 0 14 3 4 #"step"
0 0 24 3 1 #" "
0 0 14 3 2 #"of"
0 0 24 3 1 #" "
0 0 14 3 3 #"the"
0 0 24 3 1 #" "
0 0 14 3 6 #"recipe"
0 0 24 3 1 #" "
0 0 14 3 2 #"is"
0 0 24 3 1 #" "
0 0 14 3 2 #"to"
0 0 24 3 1 #" "
0 0 14 3 8 #"identify"
0 0 24 3 1 #" "
0 0 14 3 3 #"the"
0 0 24 3 1 #" "
0 0 14 3 8 #"inherent"
0 0 24 3 1 #" "
0 0 14 3 9 #"structure"
0 0 24 3 1 #" "
0 0 14 3 2 #"of"
0 0 24 3 1 #" "
0 0 14 3 3 #"the"
0 0 24 3 1 #" "
0 0 14 3 12 #"information."
0 0 24 29 1 #"\n"
0 0 24 29 1 #"\n"
0 0 14 3 4 #"Once"
0 0 24 3 1 #" "
0 0 14 3 4 #"that"
0 0 24 3 1 #" "
0 0 14 3 2 #"is"
0 0 24 3 1 #" "
0 0 14 3 4 #"done"
0 0 28 3 1 #","
0 0 24 3 1 #" "
0 0 14 3 1 #"a"
0 0 24 3 1 #" "
0 0 14 3 4 #"data"
0 0 24 3 1 #" "
0 0 15 3 10 #"definition"
0 0 24 3 1 #" "
0 0 14 3 8 #"consists"
0 0 24 3 1 #" "
0 0 14 3 2 #"of"
0 0 24 3 1 #" "
0 0 14 3 4 #"four"
0 0 24 3 1 #" "
0 0 14 3 2 #"or"
0 0 24 3 1 #" "
0 0 14 3 4 #"five"
0 0 24 3 1 #" "
0 0 14 3 9 #"elements:"
0 0 24 29 1 #"\n"
0 0 24 29 1 #"\n"
0 0 24 3 4 #"    "
0 0 14 3 3 #"1.A"
0 0 24 3 1 #" "
0 0 14 3 8 #"possible"
0 0 24 3 1 #" "
0 0 14 3 9 #"structure"
0 0 24 3 1 #" "
0 0 15 3 10 #"definition"
0 0 24 3 2 #" ("
0 0 14 3 3 #"not"
0 0 24 3 1 #" "
0 0 14 3 5 #"until"
0 0 24 3 1 #" "
0 0 14 3 8 #"compound"
0 0 24 3 1 #" "
0 0 14 3 4 #"data"
0 0 24 3 1 #")"
0 0 24 29 1 #"\n"
0 0 24 3 4 #"    "
0 0 14 3 3 #"2.A"
0 0 24 3 1 #" "
0 0 14 3 4 #"type"
0 0 24 3 1 #" "
0 0 14 3 7 #"comment"
0 0 24 3 1 #" "
0 0 14 3 4 #"that"
0 0 24 3 1 #" "
0 0 15 3 7 #"defines"
0 0 24 3 1 #" "
0 0 14 3 1 #"a"
0 0 24 3 1 #" "
0 0 14 3 3 #"new"
0 0 24 3 1 #" "
0 0 14 3 4 #"type"
0 0 24 3 1 #" "
0 0 14 3 4 #"name"
0 0 24 3 1 #" "
0 0 14 3 3 #"and"
0 0 24 3 1 #" "
0 0 14 3 9 #"describes"
0 0 24 3 1 #" "
0 0 14 3 3 #"how"
0 0 24 3 1 #" "
0 0 14 3 2 #"to"
0 0 24 3 1 #" "
0 0 14 3 4 #"form"
0 0 24 3 1 #" "
0 0 14 3 4 #"data"
0 0 24 3 1 #" "
0 0 14 3 2 #"of"
0 0 24 3 1 #" "
0 0 14 3 4 #"that"
0 0 24 3 1 #" "
0 0 14 3 5 #"type."
0 0 24 29 1 #"\n"
0 0 24 3 4 #"    "
0 0 14 3 4 #"3.An"
0 0 24 3 1 #" "
0 0 14 3 14 #"interpretation"
0 0 24 3 1 #" "
0 0 14 3 4 #"that"
0 0 24 3 1 #" "
0 0 14 3 9 #"describes"
0 0 24 3 1 #" "
0 0 14 3 3 #"the"
0 0 24 3 1 #" "
0 0 14 3 14 #"correspondence"
0 0 24 3 1 #" "
0 0 14 3 7 #"between"
0 0 24 3 1 #" "
0 0 14 3 11 #"information"
0 0 24 3 1 #" "
0 0 14 3 3 #"and"
0 0 24 3 1 #" "
0 0 14 3 5 #"data."
0 0 24 29 1 #"\n"
0 0 24 3 4 #"    "
0 0 14 3 5 #"4.One"
0 0 24 3 1 #" "
0 0 14 3 2 #"or"
0 0 24 3 1 #" "
0 0 14 3 4 #"more"
0 0 24 3 1 #" "
0 0 14 3 8 #"examples"
0 0 24 3 1 #" "
0 0 14 3 2 #"of"
0 0 24 3 1 #" "
0 0 14 3 3 #"the"
0 0 24 3 1 #" "
0 0 14 3 5 #"data."
0 0 24 29 1 #"\n"
0 0 24 3 4 #"    "
0 0 14 3 3 #"5.A"
0 0 24 3 1 #" "
0 0 14 3 8 #"template"
0 0 24 3 1 #" "
0 0 15 3 3 #"for"
0 0 24 3 1 #" "
0 0 14 3 1 #"a"
0 0 24 3 1 #" "
0 0 21 3 1 #"1"
0 0 24 3 1 #" "
0 0 14 3 8 #"argument"
0 0 24 3 1 #" "
0 0 14 3 8 #"function"
0 0 24 3 1 #" "
0 0 14 3 9 #"operating"
0 0 24 3 1 #" "
0 0 14 3 2 #"on"
0 0 24 3 1 #" "
0 0 14 3 4 #"data"
0 0 24 3 1 #" "
0 0 14 3 2 #"of"
0 0 24 3 1 #" "
0 0 14 3 4 #"this"
0 0 24 3 1 #" "
0 0 14 3 5 #"type."
0 0 24 29 1 #"\n"
0           0 0 0 24 29 1 #"\n"
0 0 24 29 1 #"\n"
0 7         937 69           0 0           0 155 0 14 3 5 #"World"
0 0 24 3 1 #" "
0 0 14 3 7 #"program"
0 0 24 3 1 #" "
0 0 14 3 6 #"design"
0 0 24 3 1 #" "
0 0 14 3 2 #"is"
0 0 24 3 1 #" "
0 0 14 3 7 #"divided"
0 0 24 3 1 #" "
0 0 14 3 4 #"into"
0 0 24 3 1 #" "
0 0 14 3 3 #"two"
0 0 24 3 1 #" "
0 0 14 3 6 #"phases"
0 0 28 3 1 #","
0 0 24 3 1 #" "
0 0 14 3 4 #"each"
0 0 24 3 1 #" "
0 0 14 3 2 #"of"
0 0 24 3 1 #" "
0 0 14 3 5 #"which"
0 0 24 3 1 #" "
0 0 14 3 3 #"has"
0 0 24 3 1 #" "
0 0 14 3 10 #"sub-parts:"
0 0 24 29 1 #"\n"
0 0 24 29 1 #"\n"
0 0 24 3 4 #"    "
0 0 14 3 8 #"1.Domain"
0 0 24 3 1 #" "
0 0 14 3 8 #"analysis"
0 0 24 3 2 #" ("
0 0 14 3 3 #"use"
0 0 24 3 1 #" "
0 0 14 3 1 #"a"
0 0 24 3 1 #" "
0 0 14 3 5 #"piece"
0 0 24 3 1 #" "
0 0 14 3 2 #"of"
0 0 24 3 1 #" "
0 0 14 3 6 #"paper!"
0 0 24 3 1 #")"
0 0 24 29 1 #"\n"
0 0 24 3 8 #"        "
0 0 14 3 8 #"1.Sketch"
0 0 24 3 1 #" "
0 0 14 3 7 #"program"
0 0 24 3 1 #" "
0 0 14 3 9 #"scenarios"
0 0 24 29 1 #"\n"
0 0 24 3 8 #"        "
0 0 14 3 10 #"2.Identify"
0 0 24 3 1 #" "
0 0 14 3 8 #"constant"
0 0 24 3 1 #" "
0 0 14 3 11 #"information"
0 0 24 29 1 #"\n"
0 0 24 3 8 #"        "
0 0 14 3 10 #"3.Identify"
0 0 24 3 1 #" "
0 0 14 3 8 #"changing"
0 0 24 3 1 #" "
0 0 14 3 11 #"information"
0 0 24 29 1 #"\n"
0 0 24 3 8 #"        "
0 0 14 3 10 #"4.Identify"
0 0 24 3 1 #" "
0 0 14 3 8 #"big-bang"
0 0 24 3 1 #" "
0 0 14 3 7 #"options"
0 0 24 29 1 #"\n"
0 0 24 3 4 #"    "
0 0 14 3 7 #"2.Build"
0 0 24 3 1 #" "
0 0 14 3 3 #"the"
0 0 24 3 1 #" "
0 0 14 3 6 #"actual"
0 0 24 3 1 #" "
0 0 14 3 7 #"program"
0 0 24 29 1 #"\n"
0 0 24 3 8 #"        "
0 0 14 3 11 #"1.Constants"
0 0 24 3 2 #" ("
0 0 14 3 5 #"based"
0 0 24 3 1 #" "
0 0 14 3 2 #"on"
0 0 24 3 1 #" "
0 0 21 3 3 #"1.2"
0 0 24 3 1 #" "
0 0 14 3 5 #"above"
0 0 24 3 1 #")"
0 0 24 29 1 #"\n"
0 0 24 3 8 #"        "
0 0 14 3 6 #"2.Data"
0 0 24 3 1 #" "
0 0 15 3 11 #"definitions"
0 0 24 3 2 #" ("
0 0 14 3 5 #"based"
0 0 24 3 1 #" "
0 0 14 3 2 #"on"
0 0 24 3 1 #" "
0 0 21 3 3 #"1.3"
0 0 24 3 1 #" "
0 0 14 3 5 #"above"
0 0 24 3 1 #")"
0 0 24 29 1 #"\n"
0 0 24 3 8 #"        "
0 0 14 3 11 #"3.Functions"
0 0 24 29 1 #"\n"
0 0 24 3 12 #"            "
0 0 14 3 6 #"1.main"
0 0 24 3 1 #" "
0 0 14 3 5 #"first"
0 0 24 3 2 #" ("
0 0 14 3 5 #"based"
0 0 24 3 1 #" "
0 0 14 3 2 #"on"
0 0 24 3 1 #" "
0 0 21 3 3 #"1.3"
0 0 28 3 1 #","
0 0 24 3 1 #" "
0 0 21 3 3 #"1.4"
0 0 24 3 1 #" "
0 0 14 3 3 #"and"
0 0 24 3 1 #" "
0 0 21 3 3 #"2.2"
0 0 24 3 1 #" "
0 0 14 3 5 #"above"
0 0 24 3 1 #")"
0 0 24 29 1 #"\n"
0 0 24 3 12 #"            "
0 0 14 3 6 #"2.wish"
0 0 24 3 1 #" "
0 0 14 3 4 #"list"
0 0 24 3 1 #" "
0 0 14 3 10 #"entriesfor"
0 0 24 3 1 #" "
0 0 14 3 8 #"big-bang"
0 0 24 3 1 #" "
0 0 14 3 8 #"handlers"
0 0 24 29 1 #"\n"
0 0 24 3 8 #"        "
0 0 14 3 6 #"4.Work"
0 0 24 3 1 #" "
0 0 14 3 7 #"through"
0 0 24 3 1 #" "
0 0 14 3 4 #"wish"
0 0 24 3 1 #" "
0 0 14 3 4 #"list"
0 0 24 3 1 #" "
0 0 14 3 5 #"until"
0 0 24 3 1 #" "
0 0 14 3 4 #"done"
0 0 24 29 1 #"\n"
0           0 0 0 24 29 1 #"\n"
0 7         301 69           0 0           0 49 0 14 3 6 #"Design"
0 0 24 3 1 #" "
0 0 14 3 1 #"a"
0 0 24 3 1 #" "
0 0 14 3 7 #"program"
0 0 24 3 1 #" "
0 0 14 3 4 #"that"
0 0 24 3 1 #" "
0 0 14 3 5 #"moves"
0 0 24 3 1 #" "
0 0 14 3 1 #"a"
0 0 24 3 1 #" "
0 0 14 3 3 #"car"
0 0 24 3 1 #" "
0 0 14 3 6 #"across"
0 0 24 3 1 #" "
0 0 14 3 3 #"the"
0 0 24 3 1 #" "
0 0 14 3 5 #"world"
0 0 24 3 1 #" "
0 0 14 3 6 #"canvas"
0 0 28 3 1 #","
0 0 24 3 1 #" "
0 0 14 3 4 #"from"
0 0 24 3 1 #" "
0 0 14 3 4 #"left"
0 0 24 3 1 #" "
0 0 14 3 2 #"to"
0 0 24 3 1 #" "
0 0 14 3 5 #"right"
0 0 28 3 1 #","
0 0 24 29 1 #"\n"
0 0 14 3 2 #"at"
0 0 24 3 1 #" "
0 0 14 3 3 #"the"
0 0 24 3 1 #" "
0 0 14 3 4 #"rate"
0 0 24 3 1 #" "
0 0 14 3 2 #"of"
0 0 24 3 1 #" "
0 0 14 3 5 #"three"
0 0 24 3 1 #" "
0 0 14 3 6 #"pixels"
0 0 24 3 1 #" "
0 0 14 3 3 #"per"
0 0 24 3 1 #" "
0 0 14 3 5 #"clock"
0 0 24 3 1 #" "
0 0 14 3 5 #"tick."
0           0 0 0 24 29 1 #"\n"
0 7         217 69           0 0           0 35 0 14 3 8 #"Exercise"
0 0 24 3 1 #" "
0 0 21 3 3 #"35."
0 0 24 3 1 #" "
0 0 14 3 7 #"Develop"
0 0 24 3 1 #" "
0 0 14 3 4 #"your"
0 0 24 3 1 #" "
0 0 14 3 8 #"favorite"
0 0 24 3 1 #" "
0 0 14 3 5 #"image"
0 0 24 3 1 #" "
0 0 14 3 2 #"of"
0 0 24 3 1 #" "
0 0 14 3 1 #"a"
0 0 24 3 1 #" "
0 0 14 3 3 #"car"
0 0 24 3 1 #" "
0 0 14 3 2 #"so"
0 0 24 3 1 #" "
0 0 14 3 4 #"that"
0 0 24 3 1 #" "
0 0 14 3 12 #"WHEEL-RADIUS"
0 0 24 3 1 #" "
0 0 14 3 7 #"remains"
0 0 24 3 1 #" "
0 0 14 3 3 #"the"
0 0 24 3 1 #" "
0 0 14 3 6 #"single"
0 0 24 3 1 #" "
0 0 14 3 5 #"point"
0 0 24 3 1 #" "
0 0 14 3 2 #"of"
0 0 24 3 1 #" "
0 0 14 3 8 #"control."
0           0 0 0 24 29 1 #"\n"
0 7          97 69           0 0           0 15 0 14 3 8 #"Exercise"
0 0 24 3 1 #" "
0 0 21 3 3 #"36."
0 0 24 3 1 #" "
0 0 14 3 9 #"Formulate"
0 0 24 3 1 #" "
0 0 14 3 3 #"the"
0 0 24 3 1 #" "
0 0 14 3 8 #"examples"
0 0 24 3 1 #" "
0 0 14 3 2 #"as"
0 0 24 3 1 #" "
0 0 14 3 3 #"BSL"
0 0 24 3 1 #" "
0 0 14 3 6 #"tests."
0           0 0 0 24 29 1 #"\n"
0 7         775 69           0 0           0 128 0 14 3 8 #"Exercise"
0 0 24 3 1 #" "
0 0 21 3 3 #"37."
0 0 24 3 1 #" "
0 0 14 3 6 #"Finish"
0 0 24 3 1 #" "
0 0 14 3 3 #"the"
0 0 24 3 1 #" "
0 0 14 3 6 #"sample"
0 0 24 3 1 #" "
0 0 14 3 7 #"problem"
0 0 24 3 1 #" "
0 0 14 3 3 #"and"
0 0 24 3 1 #" "
0 0 14 3 3 #"get"
0 0 24 3 1 #" "
0 0 14 3 3 #"the"
0 0 24 3 1 #" "
0 0 14 3 7 #"program"
0 0 24 3 1 #" "
0 0 14 3 2 #"to"
0 0 24 3 1 #" "
0 0 14 3 3 #"run"
0 0 28 3 1 #","
0 0 15 3 6 #"define"
0 0 24 3 1 #" "
0 0 14 3 3 #"the"
0 0 24 3 1 #" "
0 0 14 3 9 #"constants"
0 0 24 3 1 #" "
0 0 14 3 10 #"BACKGROUND"
0 0 24 3 1 #" "
0 0 14 3 3 #"and"
0 0 24 3 1 #" "
0 0 14 3 5 #"Y-CAR"
0 0 28 3 1 #","
0 0 24 29 1 #"\n"
0 0 14 3 4 #"Then"
0 0 24 3 1 #" "
0 0 14 3 8 #"assemble"
0 0 24 3 1 #" "
0 0 14 3 3 #"all"
0 0 24 3 1 #" "
0 0 14 3 3 #"the"
0 0 24 3 1 #" "
0 0 14 3 8 #"function"
0 0 24 3 1 #" "
0 0 15 3 11 #"definitions"
0 0 28 3 1 #","
0 0 24 3 1 #" "
0 0 14 3 9 #"including"
0 0 24 3 1 #" "
0 0 14 3 5 #"their"
0 0 24 3 1 #" "
0 0 14 3 6 #"tests."
0 0 24 3 1 #" "
0 0 14 3 4 #"When"
0 0 24 3 1 #" "
0 0 14 3 4 #"your"
0 0 24 3 1 #" "
0 0 14 3 7 #"program"
0 0 24 3 1 #" "
0 0 14 3 4 #"runs"
0 0 24 3 1 #" "
0 0 14 3 2 #"to"
0 0 24 3 1 #" "
0 0 14 3 4 #"your"
0 0 24 3 1 #" "
0 0 14 3 12 #"satisfaction"
0 0 28 3 1 #","
0 0 24 29 1 #"\n"
0 0 14 3 3 #"add"
0 0 24 3 1 #" "
0 0 14 3 1 #"a"
0 0 24 3 1 #" "
0 0 14 3 4 #"tree"
0 0 24 3 1 #" "
0 0 14 3 2 #"to"
0 0 24 3 1 #" "
0 0 14 3 8 #"scenery."
0 0 24 3 1 #" "
0 0 14 3 4 #"Also"
0 0 24 3 1 #" "
0 0 14 3 3 #"add"
0 0 24 3 1 #" "
0 0 14 3 1 #"a"
0 0 24 3 1 #" "
0 0 14 3 6 #"clause"
0 0 24 3 1 #" "
0 0 14 3 2 #"to"
0 0 24 3 1 #" "
0 0 14 3 3 #"the"
0 0 24 3 1 #" "
0 0 14 3 8 #"big-bang"
0 0 24 3 1 #" "
0 0 14 3 10 #"expression"
0 0 24 3 1 #" "
0 0 14 3 4 #"that"
0 0 24 3 1 #" "
0 0 14 3 5 #"stops"
0 0 24 3 1 #" "
0 0 14 3 3 #"the"
0 0 24 3 1 #" "
0 0 14 3 9 #"animation"
0 0 24 3 1 #" "
0 0 15 3 4 #"when"
0 0 24 3 1 #" "
0 0 14 3 3 #"the"
0 0 24 3 1 #" "
0 0 14 3 3 #"car"
0 0 24 3 1 #" "
0 0 14 3 3 #"has"
0 0 24 29 1 #"\n"
0 0 14 3 11 #"disappeared"
0 0 24 3 1 #" "
0 0 14 3 2 #"on"
0 0 24 3 1 #" "
0 0 14 3 3 #"the"
0 0 24 3 1 #" "
0 0 14 3 5 #"right"
0 0 24 3 1 #" "
0 0 14 3 4 #"side"
0 0 24 3 1 #" "
0 0 14 3 2 #"of"
0 0 24 3 1 #" "
0 0 14 3 3 #"the"
0 0 24 3 1 #" "
0 0 14 3 7 #"canvas."
0           0 0 0 24 29 1 #"\n"
0 7         301 4           0 0           0 49 0 14 3 8 #"Exercise"
0 0 24 3 1 #" "
0 0 21 3 3 #"38."
0 0 24 3 1 #" "
0 0 14 3 6 #"Modify"
0 0 24 3 1 #" "
0 0 14 3 3 #"the"
0 0 24 3 1 #" "
0 0 14 3 14 #"interpretation"
0 0 24 3 1 #" "
0 0 14 3 2 #"of"
0 0 24 3 1 #" "
0 0 14 3 3 #"the"
0 0 24 3 1 #" "
0 0 14 3 6 #"sample"
0 0 24 3 1 #" "
0 0 14 3 4 #"data"
0 0 24 3 1 #" "
0 0 15 3 10 #"definition"
0 0 24 3 1 #" "
0 0 14 3 2 #"so"
0 0 24 3 1 #" "
0 0 14 3 4 #"that"
0 0 24 3 1 #" "
0 0 14 3 1 #"a"
0 0 24 3 1 #" "
0 0 14 3 5 #"state"
0 0 24 3 1 #" "
0 0 14 3 7 #"denotes"
0 0 24 29 1 #"\n"
0 0 14 3 3 #"the"
0 0 24 3 1 #" "
0 0 14 3 1 #"x"
0 0 24 3 1 #" "
0 0 14 3 10 #"coordinate"
0 0 24 3 1 #" "
0 0 14 3 2 #"of"
0 0 24 3 1 #" "
0 0 14 3 3 #"the"
0 0 24 3 1 #" "
0 0 14 3 10 #"right-most"
0 0 24 3 1 #" "
0 0 14 3 4 #"edge"
0 0 24 3 1 #" "
0 0 14 3 2 #"of"
0 0 24 3 1 #" "
0 0 14 3 3 #"the"
0 0 24 3 1 #" "
0 0 14 3 4 #"car."
0           0 0 0 24 29 1 #"\n"
0 0 17 3 32 #";; Car moving from left to right"
0 0 24 29 1 #"\n"
0 0 24 29 1 #"\n"
0 0 17 3 20 #";; ================="
0 0 24 29 1 #"\n"
0 0 17 3 13 #";; Constants:"
0 0 24 29 1 #"\n"
0 0 24 3 1 #"("
0 0 15 3 6 #"define"
0 0 24 3 1 #" "
0 0 14 3 14 #"WIDTH-OF-WORLD"
0 0 24 3 1 #" "
0 0 21 3 3 #"200"
0 0 24 3 1 #")"
0 0 24 29 1 #"\n"
0 0 24 3 1 #"("
0 0 15 3 6 #"define"
0 0 24 3 1 #" "
0 0 14 3 15 #"HEIGHT-OF-WORLD"
0 0 24 3 1 #" "
0 0 21 3 3 #"200"
0 0 24 3 1 #")"
0 0 24 29 1 #"\n"
0 0 24 3 1 #"("
0 0 15 3 6 #"define"
0 0 24 3 1 #" "
0 0 14 3 5 #"Y-CAR"
0 0 24 3 2 #" ("
0 0 14 3 1 #"/"
0 0 24 3 1 #" "
0 0 14 3 15 #"HEIGHT-OF-WORLD"
0 0 24 3 1 #" "
0 0 21 3 1 #"2"
0 0 24 3 2 #"))"
0 0 24 29 1 #"\n"
0 0 24 3 1 #"("
0 0 15 3 6 #"define"
0 0 24 3 1 #" "
0 0 14 3 12 #"WHEEL-RADIUS"
0 0 24 3 1 #" "
0 0 21 3 1 #"5"
0 0 24 3 1 #")"
0 0 24 29 1 #"\n"
0 0 24 3 1 #"("
0 0 15 3 6 #"define"
0 0 24 3 1 #" "
0 0 14 3 14 #"WHEEL-DISTANCE"
0 0 24 3 2 #" ("
0 0 14 3 1 #"*"
0 0 24 3 1 #" "
0 0 14 3 12 #"WHEEL-RADIUS"
0 0 24 3 1 #" "
0 0 21 3 1 #"5"
0 0 24 3 2 #"))"
0 0 24 29 1 #"\n"
0 0 24 3 1 #"("
0 0 15 3 6 #"define"
0 0 24 3 1 #" "
0 0 14 3 5 #"WHEEL"
0 0 24 3 2 #" ("
0 0 14 3 6 #"circle"
0 0 24 3 1 #" "
0 0 14 3 12 #"WHEEL-RADIUS"
0 0 24 3 1 #" "
0 0 19 3 7 #"\"solid\""
0 0 24 3 1 #" "
0 0 19 3 7 #"\"black\""
0 0 24 3 2 #"))"
0 0 24 29 1 #"\n"
0 0 24 3 1 #"("
0 0 15 3 6 #"define"
0 0 24 3 1 #" "
0 0 14 3 5 #"SPACE"
0 0 24 3 2 #" ("
0 0 14 3 9 #"rectangle"
0 0 24 3 2 #" ("
0 0 14 3 1 #"/"
0 0 24 3 1 #" "
0 0 14 3 14 #"WIDTH-OF-WORLD"
0 0 24 3 1 #" "
0 0 21 3 2 #"10"
0 0 24 3 2 #") "
0 0 14 3 12 #"WHEEL-RADIUS"
0 0 24 3 1 #" "
0 0 19 3 7 #"\"solid\""
0 0 24 3 1 #" "
0 0 19 3 7 #"\"white\""
0 0 24 3 2 #"))"
0 0 24 29 1 #"\n"
0 0 24 3 1 #"("
0 0 15 3 6 #"define"
0 0 24 3 1 #" "
0 0 14 3 11 #"BOTH-WHEELS"
0 0 24 3 2 #" ("
0 0 14 3 6 #"beside"
0 0 24 3 1 #" "
0 0 14 3 5 #"WHEEL"
0 0 24 3 1 #" "
0 0 14 3 5 #"SPACE"
0 0 24 3 1 #" "
0 0 14 3 5 #"WHEEL"
0 0 24 3 2 #"))"
0 0 24 29 1 #"\n"
0 0 24 3 1 #"("
0 0 15 3 6 #"define"
0 0 24 3 1 #" "
0 0 14 3 7 #"CAR-IMG"
0 0 24 3 2 #" ("
0 0 14 3 20 #"overlay/align/offset"
0 0 24 3 1 #" "
0 0 19 3 8 #"\"middle\""
0 0 24 3 1 #" "
0 0 19 3 8 #"\"bottom\""
0 0 24 3 1 #" "
0 0 14 3 11 #"BOTH-WHEELS"
0 0 24 29 1 #"\n"
0 0 24 3 20 #"                    "
0 0 21 3 1 #"0"
0 0 24 3 2 #" ("
0 0 14 3 1 #"-"
0 0 24 3 1 #" "
0 0 14 3 12 #"WHEEL-RADIUS"
0 0 24 3 1 #" "
0 0 21 3 2 #"10"
0 0 24 3 1 #")"
0 0 24 29 1 #"\n"
0 0 24 3 21 #"                    ("
0 0 14 3 5 #"above"
0 0 24 3 2 #" ("
0 0 14 3 9 #"rectangle"
0 0 24 3 2 #" ("
0 0 14 3 1 #"*"
0 0 24 3 1 #" "
0 0 14 3 14 #"WHEEL-DISTANCE"
0 0 24 3 1 #" "
0 0 21 3 1 #"1"
0 0 24 3 3 #") ("
0 0 14 3 1 #"*"
0 0 24 3 1 #" "
0 0 14 3 12 #"WHEEL-RADIUS"
0 0 24 3 1 #" "
0 0 21 3 1 #"2"
0 0 24 3 2 #") "
0 0 19 3 7 #"\"solid\""
0 0 24 3 1 #" "
0 0 19 3 5 #"\"red\""
0 0 24 3 1 #")"
0 0 24 29 1 #"\n"
0 0 24 3 28 #"                           ("
0 0 14 3 9 #"rectangle"
0 0 24 3 2 #" ("
0 0 14 3 1 #"*"
0 0 24 3 1 #" "
0 0 14 3 14 #"WHEEL-DISTANCE"
0 0 24 3 1 #" "
0 0 21 3 1 #"2"
0 0 24 3 3 #") ("
0 0 14 3 1 #"*"
0 0 24 3 1 #" "
0 0 14 3 12 #"WHEEL-RADIUS"
0 0 24 3 1 #" "
0 0 21 3 1 #"2"
0 0 24 3 2 #") "
0 0 19 3 7 #"\"solid\""
0 0 24 3 1 #" "
0 0 19 3 5 #"\"red\""
0 0 24 3 4 #"))))"
0 0 24 29 1 #"\n"
0 0 24 3 1 #"("
0 0 15 3 6 #"define"
0 0 24 3 1 #" "
0 0 14 3 4 #"tree"
0 0 24 29 1 #"\n"
0 0 24 3 3 #"  ("
0 0 14 3 11 #"underlay/xy"
0 0 24 3 2 #" ("
0 0 14 3 6 #"circle"
0 0 24 3 1 #" "
0 0 21 3 2 #"10"
0 0 24 3 1 #" "
0 0 21 3 1 #"'"
0 0 14 3 5 #"solid"
0 0 24 3 1 #" "
0 0 21 3 1 #"'"
0 0 14 3 5 #"green"
0 0 24 3 1 #")"
0 0 24 29 1 #"\n"
0 0 24 3 15 #"               "
0 0 21 3 1 #"9"
0 0 24 3 1 #" "
0 0 21 3 2 #"15"
0 0 24 29 1 #"\n"
0 0 24 3 16 #"               ("
0 0 14 3 9 #"rectangle"
0 0 24 3 1 #" "
0 0 21 3 1 #"2"
0 0 24 3 1 #" "
0 0 21 3 2 #"20"
0 0 24 3 1 #" "
0 0 21 3 1 #"'"
0 0 14 3 5 #"solid"
0 0 24 3 1 #" "
0 0 21 3 1 #"'"
0 0 14 3 5 #"brown"
0 0 24 3 3 #")))"
0 0 24 29 1 #"\n"
0 0 24 3 1 #"("
0 0 15 3 6 #"define"
0 0 24 3 1 #" "
0 0 14 3 10 #"BACKGROUND"
0 0 24 3 2 #" ("
0 0 14 3 13 #"overlay/align"
0 0 24 3 1 #" "
0 0 19 3 7 #"\"right\""
0 0 24 3 1 #" "
0 0 19 3 8 #"\"bottom\""
0 0 24 3 1 #" "
0 0 14 3 4 #"tree"
0 0 24 3 2 #" ("
0 0 14 3 11 #"empty-scene"
0 0 24 3 1 #" "
0 0 14 3 14 #"WIDTH-OF-WORLD"
0 0 24 3 1 #" "
0 0 14 3 15 #"HEIGHT-OF-WORLD"
0 0 24 3 3 #")))"
0 0 24 29 1 #"\n"
0 0 24 29 1 #"\n"
0 0 24 29 1 #"\n"
0 0 24 29 1 #"\n"
0 0 17 3 20 #";; ================="
0 0 24 29 1 #"\n"
0 0 17 3 20 #";; Data definitions:"
0 0 24 29 1 #"\n"
0 0 24 29 1 #"\n"
0 0 17 3 16 #";; Car is Number"
0 0 24 29 1 #"\n"
0 0 17 3 41 #";;interp. x position of the car on screen"
0 0 24 29 1 #"\n"
0 0 17 3 43 #";ex38 interp. x position of the right edge "
0 0 17 3 13 #"car on screen"
0 0 24 29 1 #"\n"
0 0 24 3 1 #"("
0 0 15 3 6 #"define"
0 0 24 3 1 #" "
0 0 14 3 4 #"CAR1"
0 0 24 3 1 #" "
0 0 21 3 1 #"0"
0 0 24 3 2 #") "
0 0 17 3 10 #";left edge"
0 0 24 29 1 #"\n"
0 0 24 3 1 #"("
0 0 15 3 6 #"define"
0 0 24 3 1 #" "
0 0 14 3 4 #"CAR2"
0 0 24 3 2 #" ("
0 0 14 3 1 #"/"
0 0 24 3 1 #" "
0 0 14 3 14 #"WIDTH-OF-WORLD"
0 0 24 3 1 #" "
0 0 21 3 1 #"2"
0 0 24 3 3 #")) "
0 0 17 3 7 #";middle"
0 0 24 29 1 #"\n"
0 0 24 3 1 #"("
0 0 15 3 6 #"define"
0 0 24 3 1 #" "
0 0 14 3 4 #"CAR3"
0 0 24 3 1 #" "
0 0 14 3 14 #"WIDTH-OF-WORLD"
0 0 24 3 2 #") "
0 0 17 3 11 #";right edge"
0 0 24 29 1 #"\n"
0 0 17 3 2 #"#;"
0 0 24 29 1 #"\n"
0 0 24 3 1 #"("
0 0 15 3 6 #"define"
0 0 24 3 2 #" ("
0 0 14 3 10 #"fn-for-car"
0 0 24 3 1 #" "
0 0 14 3 3 #"car"
0 0 24 3 1 #")"
0 0 24 29 1 #"\n"
0 0 24 3 3 #"  ("
0 0 14 3 3 #"..."
0 0 24 3 1 #" "
0 0 14 3 3 #"car"
0 0 24 3 2 #"))"
0 0 24 29 1 #"\n"
0 0 24 29 1 #"\n"
0 0 17 3 23 #";; Template rules used:"
0 0 24 29 1 #"\n"
0 0 17 3 33 #";;  - atomic non-distinct: Number"
0 0 24 29 1 #"\n"
0 0 24 29 1 #"\n"
0 0 24 29 1 #"\n"
0 0 24 29 1 #"\n"
0 0 17 3 20 #";; ================="
0 0 24 29 1 #"\n"
0 0 17 3 13 #";; Functions:"
0 0 24 29 1 #"\n"
0 0 24 29 1 #"\n"
0 0 17 3 13 #";; Car -> Car"
0 0 24 29 1 #"\n"
0 0 17 3 27 #";; start the world with ..."
0 0 24 29 1 #"\n"
0 0 17 3 3 #";; "
0 0 24 29 1 #"\n"
0 0 24 3 1 #"("
0 0 15 3 6 #"define"
0 0 24 3 2 #" ("
0 0 14 3 4 #"main"
0 0 24 3 1 #" "
0 0 14 3 3 #"car"
0 0 24 3 1 #")"
0 0 24 29 1 #"\n"
0 0 24 3 3 #"  ("
0 0 14 3 8 #"big-bang"
0 0 24 3 1 #" "
0 0 14 3 3 #"car"
0 0 24 3 18 #"                  "
0 0 17 3 5 #"; Car"
0 0 24 29 1 #"\n"
0 0 24 3 13 #"            ("
0 0 14 3 7 #"on-tick"
0 0 24 3 3 #"   "
0 0 14 3 6 #"move-x"
0 0 24 3 4 #")   "
0 0 17 3 12 #"; Car -> Car"
0 0 24 29 1 #"\n"
0 0 24 3 13 #"            ("
0 0 14 3 7 #"to-draw"
0 0 24 3 3 #"   "
0 0 14 3 6 #"render"
0 0 24 3 4 #")   "
0 0 17 3 14 #"; Car -> Image"
0 0 24 29 1 #"\n"
0 0 24 3 13 #"            ("
0 0 14 3 9 #"stop-when"
0 0 24 3 1 #" "
0 0 14 3 4 #"stop"
0 0 24 3 6 #")))   "
0 0 17 3 16 #"; Car -> Boolean"
0 0 24 29 1 #"\n"
0 0 24 29 1 #"\n"
0 0 24 29 1 #"\n"
0 0 17 3 13 #";; Car -> Car"
0 0 24 29 1 #"\n"
0 0 17 3 61
#";; ; moves the car by three pixels every time the clock ticks"
0 0 24 29 1 #"\n"
0 0 24 3 1 #"("
0 0 14 3 12 #"check-expect"
0 0 24 3 2 #" ("
0 0 14 3 6 #"move-x"
0 0 24 3 1 #" "
0 0 21 3 1 #"0"
0 0 24 3 2 #") "
0 0 21 3 1 #"3"
0 0 24 3 1 #")"
0 0 24 29 1 #"\n"
0 0 24 3 1 #"("
0 0 14 3 12 #"check-expect"
0 0 24 3 2 #" ("
0 0 14 3 6 #"move-x"
0 0 24 3 1 #" "
0 0 21 3 1 #"3"
0 0 24 3 2 #") "
0 0 21 3 1 #"6"
0 0 24 3 1 #")"
0 0 24 29 1 #"\n"
0 0 24 29 1 #"\n"
0 0 17 3 31 #";(define (move-x car) 0)  ;stub"
0 0 24 29 1 #"\n"
0 0 24 29 1 #"\n"
0 0 17 3 24 #";<use tamplate from Car>"
0 0 24 29 1 #"\n"
0 0 24 29 1 #"\n"
0 0 24 3 1 #"("
0 0 15 3 6 #"define"
0 0 24 3 2 #" ("
0 0 14 3 6 #"move-x"
0 0 24 3 1 #" "
0 0 14 3 3 #"car"
0 0 24 3 1 #")"
0 0 24 29 1 #"\n"
0 0 24 3 3 #"  ("
0 0 14 3 1 #"+"
0 0 24 3 1 #" "
0 0 14 3 3 #"car"
0 0 24 3 1 #" "
0 0 21 3 1 #"3"
0 0 24 3 2 #"))"
0 0 24 29 1 #"\n"
0 0 24 3 1 #" "
0 0 24 29 1 #"\n"
0 0 24 29 1 #"\n"
0 0 24 29 1 #"\n"
0 0 17 3 15 #";; Car -> Image"
0 0 24 29 1 #"\n"
0 0 17 3 51 #";; render the car image at appropriate place on MTS"
0 0 24 29 1 #"\n"
0 0 24 3 1 #"("
0 0 14 3 12 #"check-expect"
0 0 24 3 2 #" ("
0 0 14 3 6 #"render"
0 0 24 3 1 #" "
0 0 21 3 2 #"10"
0 0 24 3 3 #") ("
0 0 14 3 11 #"place-image"
0 0 24 3 1 #" "
0 0 14 3 7 #"CAR-IMG"
0 0 24 3 1 #" "
0 0 21 3 2 #"10"
0 0 24 3 1 #" "
0 0 14 3 5 #"Y-CAR"
0 0 24 3 1 #" "
0 0 14 3 10 #"BACKGROUND"
0 0 24 3 2 #"))"
0 0 24 29 1 #"\n"
0 0 24 3 1 #"("
0 0 14 3 12 #"check-expect"
0 0 24 3 2 #" ("
0 0 14 3 6 #"render"
0 0 24 3 1 #" "
0 0 21 3 2 #"20"
0 0 24 3 3 #") ("
0 0 14 3 11 #"place-image"
0 0 24 3 1 #" "
0 0 14 3 7 #"CAR-IMG"
0 0 24 3 1 #" "
0 0 21 3 2 #"20"
0 0 24 3 1 #" "
0 0 14 3 5 #"Y-CAR"
0 0 24 3 1 #" "
0 0 14 3 10 #"BACKGROUND"
0 0 24 3 2 #"))"
0 0 24 29 1 #"\n"
0 0 24 29 1 #"\n"
0 0 17 3 32 #";(define (render car) MTS) ;stub"
0 0 24 29 1 #"\n"
0 0 24 29 1 #"\n"
0 0 17 3 24 #";<use tamplate from Car>"
0 0 24 29 1 #"\n"
0 0 24 29 1 #"\n"
0 0 24 3 1 #"("
0 0 15 3 6 #"define"
0 0 24 3 2 #" ("
0 0 14 3 6 #"render"
0 0 24 3 1 #" "
0 0 14 3 3 #"car"
0 0 24 3 1 #")"
0 0 24 29 1 #"\n"
0 0 24 3 3 #"  ("
0 0 14 3 11 #"place-image"
0 0 24 3 1 #" "
0 0 14 3 7 #"CAR-IMG"
0 0 24 3 1 #" "
0 0 14 3 3 #"car"
0 0 24 3 1 #" "
0 0 14 3 5 #"Y-CAR"
0 0 24 3 1 #" "
0 0 14 3 10 #"BACKGROUND"
0 0 24 3 2 #"))"
0 0 24 29 1 #"\n"
0 0 24 29 1 #"\n"
0 0 17 3 14 #";;Car->Boolean"
0 0 24 29 1 #"\n"
0 0 17 3 39 #";;Stop animation when car in right edge"
0 0 24 29 1 #"\n"
0 0 24 3 1 #"("
0 0 14 3 12 #"check-expect"
0 0 24 3 2 #" ("
0 0 14 3 4 #"stop"
0 0 24 3 1 #" "
0 0 21 3 1 #"0"
0 0 24 3 2 #") "
0 0 14 3 5 #"false"
0 0 24 3 1 #")"
0 0 24 29 1 #"\n"
0 0 24 3 1 #"("
0 0 14 3 12 #"check-expect"
0 0 24 3 2 #" ("
0 0 14 3 4 #"stop"
0 0 24 3 1 #" "
0 0 14 3 14 #"WIDTH-OF-WORLD"
0 0 24 3 2 #") "
0 0 14 3 4 #"true"
0 0 24 3 1 #")"
0 0 24 29 1 #"\n"
0 0 24 29 1 #"\n"
0 0 17 3 31 #";(define (stop car) true) ;stub"
0 0 24 29 1 #"\n"
0 0 24 29 1 #"\n"
0 0 17 3 24 #";<use tamplate from Car>"
0 0 24 29 1 #"\n"
0 0 24 29 1 #"\n"
0 0 24 3 1 #"("
0 0 15 3 6 #"define"
0 0 24 3 2 #" ("
0 0 14 3 4 #"stop"
0 0 24 3 1 #" "
0 0 14 3 3 #"car"
0 0 24 3 1 #")"
0 0 24 29 1 #"\n"
0 0 24 3 3 #"  ("
0 0 14 3 1 #"="
0 0 24 3 1 #" "
0 0 14 3 3 #"car"
0 0 24 3 1 #" "
0 0 14 3 14 #"WIDTH-OF-WORLD"
0 0 24 3 2 #"))"
0           0
