#reader(lib"read.ss""wxme")WXME0108 ## 
#|
   This file uses the GRacket editor format.
   Open this file in DrRacket version 6.1 or later to read it.

   Most likely, it was created by saving a program in DrRacket,
   and it probably contains a program with non-text elements
   (such as images or comment boxes).

            http://racket-lang.org/
|#
 31 7 #"wxtext\0"
3 1 6 #"wxtab\0"
1 1 8 #"wximage\0"
2 0 8 #"wxmedia\0"
4 1 34 #"(lib \"syntax-browser.ss\" \"mrlib\")\0"
1 0 16 #"drscheme:number\0"
3 0 44 #"(lib \"number-snip.ss\" \"drscheme\" \"private\")\0"
1 0 36 #"(lib \"comment-snip.ss\" \"framework\")\0"
1 0 93
(
 #"((lib \"collapsed-snipclass.ss\" \"framework\") (lib \"collapsed-sni"
 #"pclass-wxme.ss\" \"framework\"))\0"
) 0 0 43 #"(lib \"collapsed-snipclass.ss\" \"framework\")\0"
0 0 19 #"drscheme:sexp-snip\0"
0 0 36 #"(lib \"cache-image-snip.ss\" \"mrlib\")\0"
1 0 68
(
 #"((lib \"image-core.ss\" \"mrlib\") (lib \"image-core-wxme.rkt\" \"mr"
 #"lib\"))\0"
) 1 0 29 #"drscheme:bindings-snipclass%\0"
1 0 88
(
 #"((lib \"pict-snip.rkt\" \"drracket\" \"private\") (lib \"pict-snip.r"
 #"kt\" \"drracket\" \"private\"))\0"
) 0 0 34 #"(lib \"bullet-snip.rkt\" \"browser\")\0"
0 0 25 #"(lib \"matrix.ss\" \"htdp\")\0"
1 0 22 #"drscheme:lambda-snip%\0"
1 0 29 #"drclickable-string-snipclass\0"
0 0 26 #"drracket:spacer-snipclass\0"
0 0 57
#"(lib \"hrule-snip.rkt\" \"macro-debugger\" \"syntax-browser\")\0"
1 0 26 #"drscheme:pict-value-snip%\0"
0 0 45 #"(lib \"image-snipr.ss\" \"slideshow\" \"private\")\0"
1 0 38 #"(lib \"pict-snipclass.ss\" \"slideshow\")\0"
2 0 55 #"(lib \"vertical-separator-snip.ss\" \"stepper\" \"private\")\0"
1 0 18 #"drscheme:xml-snip\0"
1 0 31 #"(lib \"xml-snipclass.ss\" \"xml\")\0"
1 0 21 #"drscheme:scheme-snip\0"
2 0 34 #"(lib \"scheme-snipclass.ss\" \"xml\")\0"
1 0 10 #"text-box%\0"
1 0 32 #"(lib \"text-snipclass.ss\" \"xml\")\0"
1 0 1 6 #"wxloc\0"
          0 0 74 0 1 #"\0"
0 75 1 #"\0"
0 12 90 -1 90 -1 3 -1 0 1 0 1 0 0 0 0 0 0 0 0 0 0 0 255 255 255 1 -1 0 9
#"Standard\0"
0 75 10 #"Monospace\0"
0 12 90 -1 90 -1 3 -1 0 1 0 1 0 0 0 0 0 0 0 0 0 0 0 255 255 255 1 -1 2 1
#"\0"
0 -1 1 #"\0"
1 0 -1 -1 -1 -1 -1 -1 0 0 0 0 0 0 1 1 1 1 1 1 0 0 0 0 0 0 -1 -1 2 24
#"framework:default-color\0"
0 -1 1 #"\0"
1 0 -1 -1 -1 -1 -1 -1 0 0 0 0 0 1 0 0 0 0 0 0 0 0 0 255 255 255 -1 -1 2
1 #"\0"
0 -1 1 #"\0"
1 0 -1 -1 -1 -1 -1 -1 0 0 0 0 0 0 0 0 0 1 1 1 150 0 150 0 0 0 -1 -1 2 15
#"text:ports out\0"
0 -1 1 #"\0"
1 0 -1 92 -1 93 -1 -1 0 1 0 0 0 0 0 0 0 1 1 1 150 0 150 0 0 0 -1 -1 2 1
#"\0"
0 -1 1 #"\0"
1.0 0 -1 -1 93 -1 -1 -1 0 0 0 0 0 0 0 0 0 1.0 1.0 1.0 255 0 0 0 0 0 -1
-1 2 15 #"text:ports err\0"
0 -1 1 #"\0"
1 0 -1 92 93 -1 -1 -1 0 1 0 0 0 0 0 0 0 1 1 1 255 0 0 0 0 0 -1 -1 2 1
#"\0"
0 -1 1 #"\0"
1 0 -1 -1 -1 -1 -1 -1 0 0 0 0 0 0 0 0 0 1 1 1 0 0 175 0 0 0 -1 -1 2 17
#"text:ports value\0"
0 -1 1 #"\0"
1 0 -1 92 -1 93 -1 -1 0 1 0 0 0 0 0 0 0 1 1 1 0 0 175 0 0 0 -1 -1 2 1
#"\0"
0 -1 1 #"\0"
1.0 0 92 -1 -1 -1 -1 -1 0 0 0 0 0 0 0 0 0 1.0 1.0 1.0 34 139 34 0 0 0 -1
-1 2 27 #"Matching Parenthesis Style\0"
0 -1 1 #"\0"
1.0 0 92 -1 -1 -1 -1 -1 0 0 0 0 0 0 0 0 0 1.0 1.0 1.0 34 139 34 0 0 0 -1
-1 2 1 #"\0"
0 -1 1 #"\0"
1 0 -1 92 -1 93 -1 -1 0 1 0 0 0 0 0 0 0 1 1 1 38 38 128 0 0 0 -1 -1 2 37
#"framework:syntax-color:scheme:symbol\0"
0 -1 1 #"\0"
1 0 -1 92 -1 93 -1 -1 0 1 0 0 0 0 0 0 0 1 1 1 38 38 128 0 0 0 -1 -1 2 38
#"framework:syntax-color:scheme:keyword\0"
0 -1 1 #"\0"
1 0 -1 92 -1 93 -1 -1 0 1 0 0 0 0 0 0 0 1 1 1 38 38 128 0 0 0 -1 -1 2 1
#"\0"
0 -1 1 #"\0"
1 0 -1 92 -1 93 -1 -1 0 1 0 0 0 0 0 0 0 1 1 1 194 116 31 0 0 0 -1 -1 2
38 #"framework:syntax-color:scheme:comment\0"
0 -1 1 #"\0"
1 0 -1 92 -1 93 -1 -1 0 1 0 0 0 0 0 0 0 1 1 1 194 116 31 0 0 0 -1 -1 2 1
#"\0"
0 -1 1 #"\0"
1 0 -1 92 -1 93 -1 -1 0 1 0 0 0 0 0 0 0 1 1 1 41 128 38 0 0 0 -1 -1 2 37
#"framework:syntax-color:scheme:string\0"
0 -1 1 #"\0"
1 0 -1 92 -1 93 -1 -1 0 1 0 0 0 0 0 0 0 1 1 1 41 128 38 0 0 0 -1 -1 2 35
#"framework:syntax-color:scheme:text\0"
0 -1 1 #"\0"
1 0 -1 92 -1 93 -1 -1 0 1 0 0 0 0 0 0 0 1 1 1 41 128 38 0 0 0 -1 -1 2 39
#"framework:syntax-color:scheme:constant\0"
0 -1 1 #"\0"
1 0 -1 92 -1 93 -1 -1 0 1 0 0 0 0 0 0 0 1 1 1 41 128 38 0 0 0 -1 -1 2 1
#"\0"
0 -1 1 #"\0"
1 0 -1 92 -1 93 -1 -1 0 1 0 0 0 0 0 0 0 1 1 1 132 60 36 0 0 0 -1 -1 2 49
#"framework:syntax-color:scheme:hash-colon-keyword\0"
0 -1 1 #"\0"
1 0 -1 92 -1 93 -1 -1 0 1 0 0 0 0 0 0 0 1 1 1 132 60 36 0 0 0 -1 -1 2 42
#"framework:syntax-color:scheme:parenthesis\0"
0 -1 1 #"\0"
1 0 -1 92 -1 93 -1 -1 0 1 0 0 0 0 0 0 0 1 1 1 132 60 36 0 0 0 -1 -1 2 1
#"\0"
0 -1 1 #"\0"
1 0 -1 92 -1 93 -1 -1 0 1 0 0 0 0 0 0 0 1 1 1 255 0 0 0 0 0 -1 -1 2 36
#"framework:syntax-color:scheme:error\0"
0 -1 1 #"\0"
1 0 -1 92 -1 93 -1 -1 0 1 0 0 0 0 0 0 0 1 1 1 255 0 0 0 0 0 -1 -1 2 1
#"\0"
0 -1 1 #"\0"
1 0 -1 92 -1 93 -1 -1 0 1 0 0 0 0 0 0 0 1 1 1 0 0 0 0 0 0 -1 -1 2 36
#"framework:syntax-color:scheme:other\0"
0 -1 1 #"\0"
1 0 -1 92 -1 93 -1 -1 0 1 0 0 0 0 0 0 0 1 1 1 0 0 0 0 0 0 -1 -1 2 16
#"Misspelled Text\0"
0 -1 1 #"\0"
1 0 -1 -1 -1 -1 -1 -1 0 0 0 0 0 0 0 0 0 1 1 1 0 0 0 0 0 0 -1 -1 2 1
#"\0"
0 -1 1 #"\0"
1 0 -1 92 -1 93 -1 -1 0 1 0 0 0 0 0 0 0 1 1 1 81 112 203 0 0 0 -1 -1 2
38 #"drracket:check-syntax:lexically-bound\0"
0 -1 1 #"\0"
1 0 -1 92 -1 93 -1 -1 0 1 0 0 0 0 0 0 0 1 1 1 81 112 203 0 0 0 -1 -1 2 1
#"\0"
0 -1 1 #"\0"
1 0 -1 92 -1 93 -1 -1 0 1 0 0 0 0 0 0 0 1 1 1 178 34 34 0 0 0 -1 -1 2 28
#"drracket:check-syntax:set!d\0"
0 -1 1 #"\0"
1 0 -1 92 -1 93 -1 -1 0 1 0 0 0 0 0 0 0 1 1 1 178 34 34 0 0 0 -1 -1 2 37
#"drracket:check-syntax:unused-require\0"
0 -1 1 #"\0"
1 0 -1 92 -1 93 -1 -1 0 1 0 0 0 0 0 0 0 1 1 1 255 0 0 0 0 0 -1 -1 2 36
#"drracket:check-syntax:free-variable\0"
0 -1 1 #"\0"
1 0 -1 92 -1 93 -1 -1 0 1 0 0 0 0 0 0 0 1 1 1 255 0 0 0 0 0 -1 -1 2 1
#"\0"
0 -1 1 #"\0"
1 0 -1 92 -1 93 -1 -1 0 1 0 0 0 0 0 0 0 1 1 1 68 0 203 0 0 0 -1 -1 2 31
#"drracket:check-syntax:imported\0"
0 -1 1 #"\0"
1 0 -1 92 -1 93 -1 -1 0 1 0 0 0 0 0 0 0 1 1 1 68 0 203 0 0 0 -1 -1 2 47
#"drracket:check-syntax:my-obligation-style-pref\0"
0 -1 1 #"\0"
1 0 -1 92 -1 93 -1 -1 0 1 0 0 0 0 0 0 0 1 1 1 178 34 34 0 0 0 -1 -1 2 1
#"\0"
0 -1 1 #"\0"
1 0 -1 92 -1 93 -1 -1 0 1 0 0 0 0 0 0 0 1 1 1 0 116 0 0 0 0 -1 -1 2 50
#"drracket:check-syntax:their-obligation-style-pref\0"
0 -1 1 #"\0"
1 0 -1 92 -1 93 -1 -1 0 1 0 0 0 0 0 0 0 1 1 1 0 116 0 0 0 0 -1 -1 2 48
#"drracket:check-syntax:unk-obligation-style-pref\0"
0 -1 1 #"\0"
1 0 -1 92 -1 93 -1 -1 0 1 0 0 0 0 0 0 0 1 1 1 0 0 0 0 0 0 -1 -1 2 1
#"\0"
0 -1 1 #"\0"
1 0 -1 92 -1 93 -1 -1 0 1 0 0 0 0 0 0 0 1 1 1 139 142 28 0 0 0 -1 -1 2
49 #"drracket:check-syntax:both-obligation-style-pref\0"
0 -1 1 #"\0"
1 0 -1 92 -1 93 -1 -1 0 1 0 0 0 0 0 0 0 1 1 1 139 142 28 0 0 0 -1 -1 2
26 #"plt:htdp:test-coverage-on\0"
0 -1 1 #"\0"
1 0 -1 92 -1 93 -1 -1 0 1 0 0 0 0 0 0 0 1 1 1 0 0 0 0 0 0 -1 -1 2 1
#"\0"
0 -1 1 #"\0"
1 0 -1 92 -1 93 -1 -1 0 1 0 0 0 1 0 0 0 0 0 0 255 165 0 0 0 0 -1 -1 2 27
#"plt:htdp:test-coverage-off\0"
0 -1 1 #"\0"
1 0 -1 92 -1 93 -1 -1 0 1 0 0 0 1 0 0 0 0 0 0 255 165 0 0 0 0 -1 -1 4 1
#"\0"
0 70 1 #"\0"
1.0 0 -1 -1 -1 -1 -1 -1 0 0 0 0 0 0 1.0 1.0 1.0 1.0 1.0 1.0 0 0 0 0 0 0
-1 -1 4 4 #"XML\0"
0 70 1 #"\0"
1.0 0 -1 -1 -1 -1 -1 -1 0 0 0 0 0 0 1.0 1.0 1.0 1.0 1.0 1.0 0 0 0 0 0 0
-1 -1 2 37 #"plt:module-language:test-coverage-on\0"
0 -1 1 #"\0"
1 0 -1 92 -1 93 -1 -1 0 1 0 0 0 0 0 0 0 1 1 1 0 0 0 0 0 0 -1 -1 2 38
#"plt:module-language:test-coverage-off\0"
0 -1 1 #"\0"
1 0 -1 92 -1 93 -1 -1 0 1 0 0 0 1 0 0 0 0 0 0 255 165 0 0 0 0 -1 -1 4 1
#"\0"
0 71 1 #"\0"
1.0 0 -1 -1 -1 -1 -1 -1 0 0 0 0 0 0 1.0 1.0 1.0 1.0 1.0 1.0 0 0 0 0 0 0
-1 -1 4 1 #"\0"
0 -1 1 #"\0"
1.0 0 -1 -1 -1 -1 -1 -1 1 0 0 0 0 0 0 0 0 1.0 1.0 1.0 0 0 255 0 0 0 -1
-1 4 1 #"\0"
0 71 1 #"\0"
1.0 0 -1 -1 -1 -1 -1 -1 1 0 0 0 0 0 0 0 0 1.0 1.0 1.0 0 0 255 0 0 0 -1
-1 4 1 #"\0"
0 71 1 #"\0"
1.0 0 -1 -1 -1 -1 -1 -1 0 0 0 0 0 0 0 0 0 1.0 1.0 1.0 0 100 0 0 0 0 -1
-1 0 1 #"\0"
0 75 10 #"Monospace\0"
0.0 12 90 -1 90 -1 3 -1 0 1 0 1 0 0 0.0 0.0 0.0 0.0 0.0 0.0 0 0 0 255
255 255 1 -1 2 1 #"\0"
0 -1 1 #"\0"
1.0 0 -1 -1 -1 -1 -1 -1 0 0 0 0 0 1 0.0 0.0 0.0 0.0 0.0 0.0 0 0 0 255
255 255 -1 -1 2 1 #"\0"
0 -1 1 #"\0"
1.0 0 -1 92 -1 93 -1 -1 0 1 0 0 0 0 0.0 0.0 0.0 1.0 1.0 1.0 150 0 150 0
0 0 -1 -1 2 1 #"\0"
0 -1 1 #"\0"
1.0 0 -1 92 93 -1 -1 -1 0 1 0 0 0 0 0.0 0.0 0.0 1.0 1.0 1.0 255 0 0 0 0
0 -1 -1 2 1 #"\0"
0 -1 1 #"\0"
1.0 0 -1 92 -1 93 -1 -1 0 1 0 0 0 0 0.0 0.0 0.0 1.0 1.0 1.0 0 0 175 0 0
0 -1 -1 2 1 #"\0"
0 -1 1 #"\0"
1.0 0 -1 -1 -1 -1 -1 -1 0 0 0 0 0 0 0.0 0.0 0.0 1.0 1.0 1.0 0 0 0 0 0 0
-1 -1 2 1 #"\0"
0 -1 1 #"\0"
1.0 0 -1 -1 -1 -1 -1 -1 0 0 0 0 0 0 0.0 0.0 0.0 1.0 1.0 1.0 200 0 0 0 0
0 -1 -1 4 1 #"\0"
0 -1 1 #"\0"
1.0 0 92 -1 -1 -1 -1 -1 0 0 0 0 0 1 0.0 0.0 0.0 0.0 0.0 0.0 0 0 0 255
255 0 -1 -1 0 1 #"\0"
0 -1 1 #"\0"
0.0 11 -1 -1 -1 -1 -1 -1 0 0 0 0 0 0 1.0 1.0 1.0 1.0 1.0 1.0 0 0 0 0 0 0
-1 -1 2 1 #"\0"
0 -1 1 #"\0"
0.0 11 -1 -1 -1 -1 -1 -1 0 0 0 0 0 0 1.0 1.0 1.0 1.0 1.0 1.0 0 0 0 0 0 0
-1 -1 17 1 #"\0"
0 -1 1 #"\0"
1.0 0 -1 -1 -1 -1 -1 -1 0 0 0 0 1 0 0.0 0.0 0.0 0.0 0.0 0.0 0 0 0 255
255 255 -1 -1 24 1 #"\0"
0 -1 1 #"\0"
1.0 0 -1 -1 -1 -1 -1 -1 0 0 0 0 1 0 0.0 0.0 0.0 0.0 0.0 0.0 0 0 0 255
255 255 -1 -1 15 1 #"\0"
0 -1 1 #"\0"
1.0 0 -1 -1 -1 -1 -1 -1 0 0 0 0 1 0 0.0 0.0 0.0 0.0 0.0 0.0 0 0 0 255
255 255 -1 -1 14 1 #"\0"
0 -1 1 #"\0"
1.0 0 -1 -1 -1 -1 -1 -1 0 0 0 0 1 0 0.0 0.0 0.0 0.0 0.0 0.0 0 0 0 255
255 255 -1 -1 4 1 #"\0"
0 -1 1 #"\0"
1.0 0 -1 -1 -1 -1 -1 -1 0 0 0 0 1 0 0.0 0.0 0.0 0.0 0.0 0.0 0 0 0 255
255 255 -1 -1 44 1 #"\0"
0 -1 1 #"\0"
1.0 0 -1 -1 -1 -1 -1 -1 0 0 0 0 1 0 0.0 0.0 0.0 0.0 0.0 0.0 0 0 0 255
255 255 -1 -1 46 1 #"\0"
0 -1 1 #"\0"
1.0 0 -1 -1 -1 -1 -1 -1 0 0 0 0 1 0 0.0 0.0 0.0 0.0 0.0 0.0 0 0 0 255
255 255 -1 -1 2 1 #"\0"
0 -1 1 #"\0"
1.0 0 -1 -1 -1 -1 -1 -1 1 0 0 0 0 0 1.0 1.0 1.0 1.0 1.0 1.0 0 0 0 0 0 0
-1 -1 2 1 #"\0"
0 -1 1 #"\0"
1.0 0 -1 -1 -1 -1 -1 -1 1 0 0 0 0 0 0.0 0.0 0.0 1.0 1.0 1.0 65 105 225 0
0 0 -1 -1           0 456 0 4 3 85
(
 #";; The first three lines of this file were inserted by DrRacket. The"
 #"y record metadata"
) 0 0 4 29 1 #"\n"
0 0 4 3 85
(
 #";; about the language level of this file in a form that our tools ca"
 #"n easily process."
) 0 0 4 29 1 #"\n"
0 0 4 3 209
(
 #"#reader(lib \"htdp-beginner-reader.ss\" \"lang\")((modname How-To-De"
 #"sign-Programs:Designing-Functions) (read-case-sensitive #t) (teachpa"
 #"cks ()) (htdp-settings #(#t constructor repeating-decimal #f #t none"
 #" #f ())))"
) 0 0 4 29 1 #"\n"
0 0 17 3 59
#";Fixed-Size-Data How-To-Design-Programs:Designing Functions"
0 0 24 29 1 #"\n"
0 0 24 3 1 #"("
0 0 15 3 7 #"require"
0 0 24 3 1 #" "
0 0 14 3 11 #"2htdp/image"
0 0 24 3 1 #")"
0 0 24 29 1 #"\n"
0 0 24 3 1 #"("
0 0 15 3 7 #"require"
0 0 24 3 1 #" "
0 0 14 3 14 #"2htdp/universe"
0 0 24 3 1 #")"
0 0 24 29 1 #"\n"
0 0 24 29 1 #"\n"
0 7         409 69           0 0           0 67 0 14 3 3 #"The"
0 0 24 3 1 #" "
0 0 14 3 4 #"HtDF"
0 0 24 3 1 #" "
0 0 14 3 6 #"recipe"
0 0 24 3 1 #" "
0 0 14 3 8 #"consists"
0 0 24 3 1 #" "
0 0 14 3 2 #"of"
0 0 24 3 1 #" "
0 0 14 3 3 #"the"
0 0 24 3 1 #" "
0 0 14 3 9 #"following"
0 0 24 3 1 #" "
0 0 14 3 6 #"steps:"
0 0 24 29 1 #"\n"
0 0 24 29 1 #"\n"
0 0 24 3 4 #"    "
0 0 14 3 11 #"1.Signature"
0 0 28 3 1 #","
0 0 24 3 1 #" "
0 0 14 3 7 #"purpose"
0 0 24 3 1 #" "
0 0 14 3 3 #"and"
0 0 24 3 1 #" "
0 0 14 3 5 #"stub."
0 0 24 29 1 #"\n"
0 0 24 3 4 #"    "
0 0 14 3 8 #"2.Define"
0 0 24 3 1 #" "
0 0 14 3 8 #"examples"
0 0 28 3 1 #","
0 0 24 3 1 #" "
0 0 14 3 4 #"wrap"
0 0 24 3 1 #" "
0 0 14 3 4 #"each"
0 0 24 3 1 #" "
0 0 14 3 2 #"in"
0 0 24 3 1 #" "
0 0 14 3 13 #"check-expect."
0 0 24 29 1 #"\n"
0 0 24 3 4 #"    "
0 0 14 3 10 #"3.Template"
0 0 24 3 1 #" "
0 0 14 3 3 #"and"
0 0 24 3 1 #" "
0 0 14 3 10 #"inventory."
0 0 24 29 1 #"\n"
0 0 24 3 4 #"    "
0 0 14 3 6 #"4.Code"
0 0 24 3 1 #" "
0 0 14 3 3 #"the"
0 0 24 3 1 #" "
0 0 14 3 8 #"function"
0 0 24 3 1 #" "
0 0 14 3 5 #"body."
0 0 24 29 1 #"\n"
0 0 24 3 4 #"    "
0 0 14 3 6 #"5.Test"
0 0 24 3 1 #" "
0 0 14 3 3 #"and"
0 0 24 3 1 #" "
0 0 14 3 5 #"debug"
0 0 24 3 1 #" "
0 0 14 3 5 #"until"
0 0 24 3 1 #" "
0 0 14 3 7 #"correct"
0           0 0 0 24 29 1 #"\n"
0 7         187 69           0 0           0 30 0 14 3 8 #"Exercise"
0 0 24 3 1 #" "
0 0 21 3 3 #"30."
0 0 24 3 1 #" "
0 0 14 3 6 #"Design"
0 0 24 3 1 #" "
0 0 14 3 3 #"the"
0 0 24 3 1 #" "
0 0 14 3 8 #"function"
0 0 24 3 1 #" "
0 0 14 3 12 #"string-first"
0 0 28 3 1 #","
0 0 24 3 1 #" "
0 0 14 3 5 #"which"
0 0 24 3 1 #" "
0 0 14 3 8 #"extracts"
0 0 24 3 1 #" "
0 0 14 3 3 #"the"
0 0 24 3 1 #" "
0 0 14 3 5 #"first"
0 0 24 3 1 #" "
0 0 14 3 9 #"character"
0 0 24 3 1 #" "
0 0 14 3 4 #"from"
0 0 24 3 1 #" "
0 0 14 3 1 #"a"
0 0 24 3 1 #" "
0 0 14 3 9 #"non-empty"
0 0 24 3 1 #" "
0 0 14 3 7 #"string."
0           0 0 0 24 29 1 #"\n"
0 0 17 3 58
#";String->String                                 ;signature"
0 0 24 29 1 #"\n"
0 0 17 3 56 #";Extract the first character from given string  ;purpose"
0 0 24 29 1 #"\n"
0 0 24 3 1 #"("
0 0 14 3 12 #"check-expect"
0 0 24 3 2 #" ("
0 0 14 3 12 #"string-first"
0 0 24 3 1 #" "
0 0 19 3 3 #"\"s\""
0 0 24 3 2 #") "
0 0 19 3 3 #"\"s\""
0 0 24 3 12 #")           "
0 0 17 3 9 #";examples"
0 0 24 29 1 #"\n"
0 0 24 3 1 #"("
0 0 14 3 12 #"check-expect"
0 0 24 3 2 #" ("
0 0 14 3 12 #"string-first"
0 0 24 3 1 #" "
0 0 19 3 4 #"\"os\""
0 0 24 3 2 #") "
0 0 19 3 3 #"\"o\""
0 0 24 3 11 #")          "
0 0 24 29 1 #"\n"
0 0 24 3 1 #"("
0 0 14 3 12 #"check-expect"
0 0 24 3 2 #" ("
0 0 14 3 12 #"string-first"
0 0 24 3 1 #" "
0 0 19 3 5 #"\"qos\""
0 0 24 3 2 #") "
0 0 19 3 3 #"\"q\""
0 0 24 3 7 #")      "
0 0 24 29 1 #"\n"
0 0 24 29 1 #"\n"
0 0 17 3 2 #";("
0 0 17 3 6 #"define"
0 0 17 3 2 #" ("
0 0 17 3 12 #"string-first"
0 0 17 3 2 #" s"
0 0 17 3 2 #") "
0 0 17 3 27 #"\"\")                   ;stub"
0 0 24 29 1 #"\n"
0 0 24 29 1 #"\n"
0 0 17 3 8 #";(define"
0 0 17 3 49 #" (string-first s)                       ;template"
0 0 24 29 1 #"\n"
0 0 17 3 10 #";  (...s))"
0 0 24 29 1 #"\n"
0 0 24 29 1 #"\n"
0 0 24 3 1 #"("
0 0 15 3 6 #"define"
0 0 24 3 2 #" ("
0 0 14 3 12 #"string-first"
0 0 24 3 1 #" "
0 0 14 3 1 #"s"
0 0 24 3 23 #")                      "
0 0 24 29 1 #"\n"
0 0 24 3 3 #"  ("
0 0 14 3 9 #"substring"
0 0 24 3 1 #" "
0 0 14 3 1 #"s"
0 0 24 3 1 #" "
0 0 21 3 1 #"0"
0 0 24 3 1 #" "
0 0 21 3 1 #"1"
0 0 24 3 2 #"))"
0 0 24 29 1 #"\n"
0 0 24 29 1 #"\n"
0 7         193 69           0 0           0 31 0 14 3 8 #"Exercise"
0 0 24 3 1 #" "
0 0 21 3 2 #"31"
0 0 21 3 1 #"."
0 0 24 3 1 #" "
0 0 14 3 6 #"Design"
0 0 24 3 1 #" "
0 0 14 3 3 #"the"
0 0 24 3 1 #" "
0 0 14 3 8 #"function"
0 0 24 3 1 #" "
0 0 14 3 11 #"string-last"
0 0 28 3 1 #","
0 0 24 3 1 #" "
0 0 14 3 5 #"which"
0 0 24 3 1 #" "
0 0 14 3 8 #"extracts"
0 0 24 3 1 #" "
0 0 14 3 3 #"the"
0 0 24 3 1 #" "
0 0 14 3 4 #"last"
0 0 24 3 1 #" "
0 0 14 3 9 #"character"
0 0 24 3 1 #" "
0 0 14 3 4 #"from"
0 0 24 3 1 #" "
0 0 14 3 1 #"a"
0 0 24 3 1 #" "
0 0 14 3 9 #"non-empty"
0 0 24 3 1 #" "
0 0 14 3 7 #"string."
0           0 0 0 24 29 1 #"\n"
0 0 17 3 56 #";String->String                               ;signature"
0 0 24 29 1 #"\n"
0 0 17 3 54 #";Extract the last character from given string ;purpose"
0 0 24 29 1 #"\n"
0 0 24 3 1 #"("
0 0 14 3 12 #"check-expect"
0 0 24 3 2 #" ("
0 0 14 3 11 #"string-last"
0 0 24 3 1 #" "
0 0 19 3 3 #"\"s\""
0 0 24 3 2 #") "
0 0 19 3 3 #"\"s\""
0 0 24 3 12 #")           "
0 0 17 3 9 #";examples"
0 0 24 29 1 #"\n"
0 0 24 3 1 #"("
0 0 14 3 12 #"check-expect"
0 0 24 3 2 #" ("
0 0 14 3 11 #"string-last"
0 0 24 3 1 #" "
0 0 19 3 4 #"\"st\""
0 0 24 3 2 #") "
0 0 19 3 3 #"\"t\""
0 0 24 3 1 #")"
0 0 24 29 1 #"\n"
0 0 24 3 1 #"("
0 0 14 3 12 #"check-expect"
0 0 24 3 2 #" ("
0 0 14 3 11 #"string-last"
0 0 24 3 1 #" "
0 0 19 3 5 #"\"str\""
0 0 24 3 2 #") "
0 0 19 3 3 #"\"r\""
0 0 24 3 1 #")"
0 0 24 29 1 #"\n"
0 0 24 29 1 #"\n"
0 0 17 3 2 #";("
0 0 17 3 6 #"define"
0 0 17 3 2 #" ("
0 0 17 3 11 #"string-last"
0 0 17 3 1 #" "
0 0 17 3 29 #"s) \"\")                  ;stub"
0 0 24 29 1 #"\n"
0 0 24 29 1 #"\n"
0 0 17 3 10 #";(define ("
0 0 17 3 45 #"string-last s)                      ;template"
0 0 24 29 1 #"\n"
0 0 17 3 10 #";  (...s))"
0 0 24 29 1 #"\n"
0 0 24 29 1 #"\n"
0 0 24 3 1 #"("
0 0 15 3 6 #"define"
0 0 24 3 2 #" ("
0 0 14 3 11 #"string-last"
0 0 24 3 1 #" "
0 0 14 3 1 #"s"
0 0 24 3 1 #")"
0 0 24 29 1 #"\n"
0 0 24 3 3 #"  ("
0 0 14 3 9 #"substring"
0 0 24 3 1 #" "
0 0 14 3 1 #"s"
0 0 24 3 2 #" ("
0 0 14 3 1 #"-"
0 0 24 3 2 #" ("
0 0 14 3 13 #"string-length"
0 0 24 3 1 #" "
0 0 14 3 1 #"s"
0 0 24 3 2 #") "
0 0 21 3 1 #"1"
0 0 24 3 3 #") ("
0 0 14 3 13 #"string-length"
0 0 24 3 1 #" "
0 0 14 3 1 #"s"
0 0 24 3 3 #")))"
0 0 24 29 1 #"\n"
0 0 24 29 1 #"\n"
0 7         199 4           0 0           0 32 0 14 3 8 #"Exercise"
0 0 24 3 1 #" "
0 0 21 3 3 #"32."
0 0 24 3 1 #" "
0 0 14 3 6 #"Design"
0 0 24 3 1 #" "
0 0 14 3 3 #"the"
0 0 24 3 1 #" "
0 0 14 3 8 #"function"
0 0 24 3 1 #" "
0 0 14 3 10 #"image-area"
0 0 28 3 1 #","
0 0 24 3 1 #" "
0 0 14 3 5 #"which"
0 0 24 3 1 #" "
0 0 14 3 6 #"counts"
0 0 24 3 1 #" "
0 0 14 3 3 #"the"
0 0 24 3 1 #" "
0 0 14 3 6 #"number"
0 0 24 3 1 #" "
0 0 14 3 2 #"of"
0 0 24 3 1 #" "
0 0 14 3 6 #"pixels"
0 0 24 3 1 #" "
0 0 14 3 2 #"in"
0 0 24 3 1 #" "
0 0 14 3 1 #"a"
0 0 24 3 1 #" "
0 0 14 3 5 #"given"
0 0 24 3 1 #" "
0 0 14 3 6 #"image."
0           0 0 0 24 29 1 #"\n"
0 0 17 3 57 #";Image->Number                                 ;signature"
0 0 24 29 1 #"\n"
0 0 17 3 55 #";Counts the number of pixels in a given image. ;purpose"
0 0 24 29 1 #"\n"
0 0 24 3 1 #"("
0 0 14 3 12 #"check-expect"
0 0 24 3 2 #" ("
0 0 14 3 10 #"image-area"
0 0 24 3 2 #" ("
0 0 14 3 9 #"rectangle"
0 0 24 3 1 #" "
0 0 21 3 2 #"10"
0 0 24 3 1 #" "
0 0 21 3 2 #"20"
0 0 24 3 1 #" "
0 0 19 3 7 #"\"solid\""
0 0 24 3 1 #" "
0 0 19 3 7 #"\"black\""
0 0 24 3 3 #")) "
0 0 21 3 3 #"200"
0 0 24 3 2 #") "
0 0 17 3 9 #";examples"
0 0 24 29 1 #"\n"
0 0 24 3 1 #"("
0 0 14 3 12 #"check-expect"
0 0 24 3 2 #" ("
0 0 14 3 10 #"image-area"
0 0 24 3 2 #" ("
0 0 14 3 9 #"rectangle"
0 0 24 3 1 #" "
0 0 21 3 2 #"20"
0 0 24 3 1 #" "
0 0 21 3 2 #"20"
0 0 24 3 1 #" "
0 0 19 3 7 #"\"solid\""
0 0 24 3 1 #" "
0 0 19 3 7 #"\"black\""
0 0 24 3 3 #")) "
0 0 21 3 3 #"400"
0 0 24 3 1 #")"
0 0 24 29 1 #"\n"
0 0 24 29 1 #"\n"
0 0 17 3 2 #";("
0 0 17 3 6 #"define"
0 0 17 3 2 #" ("
0 0 17 3 10 #"image-area"
0 0 17 3 1 #" "
0 0 17 3 3 #"img"
0 0 17 3 2 #") "
0 0 17 3 27 #"0)                    ;stub"
0 0 24 29 1 #"\n"
0 0 24 29 1 #"\n"
0 0 17 3 2 #";("
0 0 17 3 6 #"define"
0 0 17 3 2 #" ("
0 0 17 3 10 #"image-area"
0 0 17 3 1 #" "
0 0 17 3 28 #"img)                        "
0 0 17 3 9 #";template"
0 0 24 29 1 #"\n"
0 0 17 3 4 #";  ("
0 0 17 3 28 #"...img))                    "
0 0 24 29 1 #"\n"
0 0 24 3 2 #"  "
0 0 24 29 1 #"\n"
0 0 24 3 1 #"("
0 0 15 3 6 #"define"
0 0 24 3 2 #" ("
0 0 14 3 10 #"image-area"
0 0 24 3 1 #" "
0 0 14 3 3 #"img"
0 0 24 3 7 #")      "
0 0 24 29 1 #"\n"
0 0 24 3 3 #"  ("
0 0 14 3 1 #"*"
0 0 24 3 1 #"("
0 0 14 3 11 #"image-width"
0 0 24 3 1 #" "
0 0 14 3 3 #"img"
0 0 24 3 3 #") ("
0 0 14 3 12 #"image-height"
0 0 24 3 1 #" "
0 0 14 3 3 #"img"
0 0 24 3 6 #")))   "
0 0 24 29 1 #"\n"
0 0 24 29 1 #"\n"
0 7         235 4           0 0           0 38 0 14 3 8 #"Exercise"
0 0 24 3 1 #" "
0 0 21 3 3 #"33."
0 0 24 3 1 #" "
0 0 14 3 6 #"Design"
0 0 24 3 1 #" "
0 0 14 3 3 #"the"
0 0 24 3 1 #" "
0 0 14 3 8 #"function"
0 0 24 3 1 #" "
0 0 14 3 11 #"string-rest"
0 0 28 3 1 #","
0 0 24 29 1 #"\n"
0 0 14 3 5 #"which"
0 0 24 3 1 #" "
0 0 14 3 8 #"produces"
0 0 24 3 1 #" "
0 0 14 3 1 #"a"
0 0 24 3 1 #" "
0 0 14 3 6 #"string"
0 0 24 3 1 #" "
0 0 14 3 4 #"like"
0 0 24 3 1 #" "
0 0 14 3 3 #"the"
0 0 24 3 1 #" "
0 0 14 3 5 #"given"
0 0 24 3 1 #" "
0 0 14 3 3 #"one"
0 0 24 3 1 #" "
0 0 14 3 4 #"with"
0 0 24 3 1 #" "
0 0 14 3 3 #"the"
0 0 24 3 1 #" "
0 0 14 3 5 #"first"
0 0 24 3 1 #" "
0 0 14 3 9 #"character"
0 0 24 3 1 #" "
0 0 14 3 8 #"removed."
0           0 0 0 24 29 1 #"\n"
0 0 17 3 82
(
 #";String->String                                                     "
 #"    ;signature"
) 0 0 24 29 1 #"\n"
0 0 17 3 1 #";"
0 0 17 3 8 #"produces"
0 0 17 3 1 #" "
0 0 17 3 9 #"a string "
0 0 17 3 4 #"like"
0 0 17 3 1 #" "
0 0 17 3 3 #"the"
0 0 17 3 1 #" "
0 0 17 3 5 #"given"
0 0 17 3 1 #" "
0 0 17 3 3 #"one"
0 0 17 3 1 #" "
0 0 17 3 5 #"with "
0 0 17 3 3 #"the"
0 0 17 3 1 #" "
0 0 17 3 5 #"first"
0 0 17 3 1 #" "
0 0 17 3 9 #"character"
0 0 17 3 18 #" removed. ;purpose"
0 0 24 29 1 #"\n"
0 0 24 3 1 #"("
0 0 14 3 12 #"check-expect"
0 0 24 3 2 #" ("
0 0 14 3 11 #"string-rest"
0 0 24 3 1 #" "
0 0 19 3 3 #"\"s\""
0 0 24 3 2 #") "
0 0 19 3 2 #"\"\""
0 0 24 3 38 #")                                     "
0 0 17 3 9 #";examples"
0 0 24 29 1 #"\n"
0 0 24 3 1 #"("
0 0 14 3 12 #"check-expect"
0 0 24 3 2 #" ("
0 0 14 3 11 #"string-rest"
0 0 24 3 1 #" "
0 0 19 3 4 #"\"sa\""
0 0 24 3 2 #") "
0 0 19 3 3 #"\"a\""
0 0 24 3 1 #")"
0 0 24 29 1 #"\n"
0 0 24 3 1 #"("
0 0 14 3 12 #"check-expect"
0 0 24 3 2 #" ("
0 0 14 3 11 #"string-rest"
0 0 24 3 1 #" "
0 0 19 3 5 #"\"sat\""
0 0 24 3 2 #") "
0 0 19 3 4 #"\"at\""
0 0 24 3 1 #")"
0 0 24 29 1 #"\n"
0 0 24 29 1 #"\n"
0 0 17 3 2 #";("
0 0 17 3 6 #"define"
0 0 17 3 2 #" ("
0 0 17 3 11 #"string-rest"
0 0 17 3 1 #" "
0 0 17 3 1 #"s"
0 0 17 3 2 #") "
0 0 17 3 52 #"\"\")                                            ;stub"
0 0 24 29 1 #"\n"
0 0 24 29 1 #"\n"
0 0 17 3 2 #";("
0 0 17 3 6 #"define"
0 0 17 3 2 #" ("
0 0 17 3 11 #"string-rest"
0 0 17 3 1 #" "
0 0 17 3 59
#"s)                                                ;template"
0 0 24 29 1 #"\n"
0 0 17 3 4 #";  ("
0 0 17 3 3 #"..."
0 0 17 3 1 #" "
0 0 17 3 3 #"s))"
0 0 24 29 1 #"\n"
0 0 24 29 1 #"\n"
0 0 24 3 1 #"("
0 0 15 3 6 #"define"
0 0 24 3 2 #" ("
0 0 14 3 11 #"string-rest"
0 0 24 3 1 #" "
0 0 14 3 1 #"s"
0 0 24 3 1 #")"
0 0 24 29 1 #"\n"
0 0 24 3 3 #"  ("
0 0 14 3 9 #"substring"
0 0 24 3 1 #" "
0 0 14 3 1 #"s"
0 0 24 3 1 #" "
0 0 21 3 1 #"1"
0 0 24 3 2 #"))"
0 0 24 29 1 #"\n"
0 0 24 29 1 #"\n"
0 7         235 4           0 0           0 38 0 14 3 8 #"Exercise"
0 0 24 3 1 #" "
0 0 21 3 3 #"34."
0 0 24 3 1 #" "
0 0 14 3 6 #"Design"
0 0 24 3 1 #" "
0 0 14 3 3 #"the"
0 0 24 3 1 #" "
0 0 14 3 8 #"function"
0 0 24 3 1 #" "
0 0 14 3 18 #"string-remove-last"
0 0 28 3 1 #","
0 0 24 29 1 #"\n"
0 0 14 3 5 #"which"
0 0 24 3 1 #" "
0 0 14 3 8 #"produces"
0 0 24 3 1 #" "
0 0 14 3 1 #"a"
0 0 24 3 1 #" "
0 0 14 3 6 #"string"
0 0 24 3 1 #" "
0 0 14 3 4 #"like"
0 0 24 3 1 #" "
0 0 14 3 3 #"the"
0 0 24 3 1 #" "
0 0 14 3 5 #"given"
0 0 24 3 1 #" "
0 0 14 3 3 #"one"
0 0 24 3 1 #" "
0 0 14 3 4 #"with"
0 0 24 3 1 #" "
0 0 14 3 3 #"the"
0 0 24 3 1 #" "
0 0 14 3 4 #"last"
0 0 24 3 1 #" "
0 0 14 3 9 #"character"
0 0 24 3 1 #" "
0 0 14 3 8 #"removed."
0           0 0 0 24 29 1 #"\n"
0 0 17 3 82
(
 #";String->String                                                     "
 #"    ;signature"
) 0 0 24 29 1 #"\n"
0 0 17 3 1 #";"
0 0 17 3 8 #"produces"
0 0 17 3 1 #" "
0 0 17 3 1 #"a"
0 0 17 3 1 #" "
0 0 17 3 6 #"string"
0 0 17 3 1 #" "
0 0 17 3 4 #"like"
0 0 17 3 1 #" "
0 0 17 3 3 #"the"
0 0 17 3 1 #" "
0 0 17 3 5 #"given"
0 0 17 3 1 #" "
0 0 17 3 3 #"one"
0 0 17 3 1 #" "
0 0 17 3 5 #"with "
0 0 17 3 3 #"the"
0 0 17 3 1 #" "
0 0 17 3 4 #"last"
0 0 17 3 1 #" "
0 0 17 3 9 #"character"
0 0 17 3 19 #" removed.  ;purpose"
0 0 24 29 1 #"\n"
0 0 24 3 1 #"("
0 0 14 3 12 #"check-expect"
0 0 24 3 2 #" ("
0 0 14 3 18 #"string-remove-last"
0 0 24 3 1 #" "
0 0 19 3 3 #"\"s\""
0 0 24 3 2 #") "
0 0 19 3 2 #"\"\""
0 0 24 3 31 #")                              "
0 0 17 3 9 #";examples"
0 0 24 29 1 #"\n"
0 0 24 3 1 #"("
0 0 14 3 12 #"check-expect"
0 0 24 3 2 #" ("
0 0 14 3 18 #"string-remove-last"
0 0 24 3 1 #" "
0 0 19 3 4 #"\"sa\""
0 0 24 3 2 #") "
0 0 19 3 3 #"\"s\""
0 0 24 3 1 #")"
0 0 24 29 1 #"\n"
0 0 24 3 1 #"("
0 0 14 3 12 #"check-expect"
0 0 24 3 2 #" ("
0 0 14 3 18 #"string-remove-last"
0 0 24 3 1 #" "
0 0 19 3 5 #"\"sat\""
0 0 24 3 2 #") "
0 0 19 3 4 #"\"sa\""
0 0 24 3 1 #")"
0 0 24 29 1 #"\n"
0 0 24 29 1 #"\n"
0 0 17 3 2 #";("
0 0 17 3 6 #"define"
0 0 17 3 21 #" (string-remove-last "
0 0 17 3 1 #"s"
0 0 17 3 47 #") \"\")                                     ;stub"
0 0 24 29 1 #"\n"
0 0 24 29 1 #"\n"
0 0 17 3 2 #";("
0 0 17 3 6 #"define"
0 0 17 3 73
(
 #" (string-remove-last s)                                         ;tem"
 #"plate"
) 0 0 24 29 1 #"\n"
0 0 17 3 4 #";  ("
0 0 17 3 3 #"..."
0 0 17 3 4 #" s))"
0 0 24 29 1 #"\n"
0 0 24 29 1 #"\n"
0 0 24 3 1 #"("
0 0 15 3 6 #"define"
0 0 24 3 2 #" ("
0 0 14 3 18 #"string-remove-last"
0 0 24 3 1 #" "
0 0 14 3 1 #"s"
0 0 24 3 1 #")"
0 0 24 29 1 #"\n"
0 0 24 3 3 #"  ("
0 0 14 3 9 #"substring"
0 0 24 3 1 #" "
0 0 14 3 1 #"s"
0 0 24 3 1 #" "
0 0 21 3 1 #"0"
0 0 24 3 2 #" ("
0 0 14 3 1 #"-"
0 0 24 3 2 #" ("
0 0 14 3 13 #"string-length"
0 0 24 3 1 #" "
0 0 14 3 1 #"s"
0 0 24 3 2 #") "
0 0 21 3 1 #"1"
0 0 24 3 3 #")))"
0           0
