#reader(lib"read.ss""wxme")WXME0108 ## 
#|
   This file uses the GRacket editor format.
   Open this file in DrRacket version 6.1 or later to read it.

   Most likely, it was created by saving a program in DrRacket,
   and it probably contains a program with non-text elements
   (such as images or comment boxes).

            http://racket-lang.org/
|#
 31 7 #"wxtext\0"
3 1 6 #"wxtab\0"
1 1 8 #"wximage\0"
2 0 8 #"wxmedia\0"
4 1 34 #"(lib \"syntax-browser.ss\" \"mrlib\")\0"
1 0 16 #"drscheme:number\0"
3 0 44 #"(lib \"number-snip.ss\" \"drscheme\" \"private\")\0"
1 0 36 #"(lib \"comment-snip.ss\" \"framework\")\0"
1 0 93
(
 #"((lib \"collapsed-snipclass.ss\" \"framework\") (lib \"collapsed-sni"
 #"pclass-wxme.ss\" \"framework\"))\0"
) 0 0 43 #"(lib \"collapsed-snipclass.ss\" \"framework\")\0"
0 0 19 #"drscheme:sexp-snip\0"
0 0 36 #"(lib \"cache-image-snip.ss\" \"mrlib\")\0"
1 0 68
(
 #"((lib \"image-core.ss\" \"mrlib\") (lib \"image-core-wxme.rkt\" \"mr"
 #"lib\"))\0"
) 1 0 29 #"drscheme:bindings-snipclass%\0"
1 0 88
(
 #"((lib \"pict-snip.rkt\" \"drracket\" \"private\") (lib \"pict-snip.r"
 #"kt\" \"drracket\" \"private\"))\0"
) 0 0 34 #"(lib \"bullet-snip.rkt\" \"browser\")\0"
0 0 25 #"(lib \"matrix.ss\" \"htdp\")\0"
1 0 22 #"drscheme:lambda-snip%\0"
1 0 29 #"drclickable-string-snipclass\0"
0 0 26 #"drracket:spacer-snipclass\0"
0 0 57
#"(lib \"hrule-snip.rkt\" \"macro-debugger\" \"syntax-browser\")\0"
1 0 26 #"drscheme:pict-value-snip%\0"
0 0 45 #"(lib \"image-snipr.ss\" \"slideshow\" \"private\")\0"
1 0 38 #"(lib \"pict-snipclass.ss\" \"slideshow\")\0"
2 0 55 #"(lib \"vertical-separator-snip.ss\" \"stepper\" \"private\")\0"
1 0 18 #"drscheme:xml-snip\0"
1 0 31 #"(lib \"xml-snipclass.ss\" \"xml\")\0"
1 0 21 #"drscheme:scheme-snip\0"
2 0 34 #"(lib \"scheme-snipclass.ss\" \"xml\")\0"
1 0 10 #"text-box%\0"
1 0 32 #"(lib \"text-snipclass.ss\" \"xml\")\0"
1 0 1 6 #"wxloc\0"
          0 0 74 0 1 #"\0"
0 75 1 #"\0"
0 12 90 -1 90 -1 3 -1 0 1 0 1 0 0 0 0 0 0 0 0 0 0 0 255 255 255 1 -1 0 9
#"Standard\0"
0 75 10 #"Monospace\0"
0 12 90 -1 90 -1 3 -1 0 1 0 1 0 0 0 0 0 0 0 0 0 0 0 255 255 255 1 -1 2 1
#"\0"
0 -1 1 #"\0"
1 0 -1 -1 -1 -1 -1 -1 0 0 0 0 0 0 1 1 1 1 1 1 0 0 0 0 0 0 -1 -1 2 24
#"framework:default-color\0"
0 -1 1 #"\0"
1 0 -1 -1 -1 -1 -1 -1 0 0 0 0 0 1 0 0 0 0 0 0 0 0 0 255 255 255 -1 -1 2
1 #"\0"
0 -1 1 #"\0"
1 0 -1 -1 -1 -1 -1 -1 0 0 0 0 0 0 0 0 0 1 1 1 150 0 150 0 0 0 -1 -1 2 15
#"text:ports out\0"
0 -1 1 #"\0"
1 0 -1 92 -1 93 -1 -1 0 1 0 0 0 0 0 0 0 1 1 1 150 0 150 0 0 0 -1 -1 2 1
#"\0"
0 -1 1 #"\0"
1.0 0 -1 -1 93 -1 -1 -1 0 0 0 0 0 0 0 0 0 1.0 1.0 1.0 255 0 0 0 0 0 -1
-1 2 15 #"text:ports err\0"
0 -1 1 #"\0"
1 0 -1 92 93 -1 -1 -1 0 1 0 0 0 0 0 0 0 1 1 1 255 0 0 0 0 0 -1 -1 2 1
#"\0"
0 -1 1 #"\0"
1 0 -1 -1 -1 -1 -1 -1 0 0 0 0 0 0 0 0 0 1 1 1 0 0 175 0 0 0 -1 -1 2 17
#"text:ports value\0"
0 -1 1 #"\0"
1 0 -1 92 -1 93 -1 -1 0 1 0 0 0 0 0 0 0 1 1 1 0 0 175 0 0 0 -1 -1 2 1
#"\0"
0 -1 1 #"\0"
1.0 0 92 -1 -1 -1 -1 -1 0 0 0 0 0 0 0 0 0 1.0 1.0 1.0 34 139 34 0 0 0 -1
-1 2 27 #"Matching Parenthesis Style\0"
0 -1 1 #"\0"
1.0 0 92 -1 -1 -1 -1 -1 0 0 0 0 0 0 0 0 0 1.0 1.0 1.0 34 139 34 0 0 0 -1
-1 2 1 #"\0"
0 -1 1 #"\0"
1 0 -1 92 -1 93 -1 -1 0 1 0 0 0 0 0 0 0 1 1 1 38 38 128 0 0 0 -1 -1 2 37
#"framework:syntax-color:scheme:symbol\0"
0 -1 1 #"\0"
1 0 -1 92 -1 93 -1 -1 0 1 0 0 0 0 0 0 0 1 1 1 38 38 128 0 0 0 -1 -1 2 38
#"framework:syntax-color:scheme:keyword\0"
0 -1 1 #"\0"
1 0 -1 92 -1 93 -1 -1 0 1 0 0 0 0 0 0 0 1 1 1 38 38 128 0 0 0 -1 -1 2 1
#"\0"
0 -1 1 #"\0"
1 0 -1 92 -1 93 -1 -1 0 1 0 0 0 0 0 0 0 1 1 1 194 116 31 0 0 0 -1 -1 2
38 #"framework:syntax-color:scheme:comment\0"
0 -1 1 #"\0"
1 0 -1 92 -1 93 -1 -1 0 1 0 0 0 0 0 0 0 1 1 1 194 116 31 0 0 0 -1 -1 2 1
#"\0"
0 -1 1 #"\0"
1 0 -1 92 -1 93 -1 -1 0 1 0 0 0 0 0 0 0 1 1 1 41 128 38 0 0 0 -1 -1 2 37
#"framework:syntax-color:scheme:string\0"
0 -1 1 #"\0"
1 0 -1 92 -1 93 -1 -1 0 1 0 0 0 0 0 0 0 1 1 1 41 128 38 0 0 0 -1 -1 2 35
#"framework:syntax-color:scheme:text\0"
0 -1 1 #"\0"
1 0 -1 92 -1 93 -1 -1 0 1 0 0 0 0 0 0 0 1 1 1 41 128 38 0 0 0 -1 -1 2 39
#"framework:syntax-color:scheme:constant\0"
0 -1 1 #"\0"
1 0 -1 92 -1 93 -1 -1 0 1 0 0 0 0 0 0 0 1 1 1 41 128 38 0 0 0 -1 -1 2 1
#"\0"
0 -1 1 #"\0"
1 0 -1 92 -1 93 -1 -1 0 1 0 0 0 0 0 0 0 1 1 1 132 60 36 0 0 0 -1 -1 2 49
#"framework:syntax-color:scheme:hash-colon-keyword\0"
0 -1 1 #"\0"
1 0 -1 92 -1 93 -1 -1 0 1 0 0 0 0 0 0 0 1 1 1 132 60 36 0 0 0 -1 -1 2 42
#"framework:syntax-color:scheme:parenthesis\0"
0 -1 1 #"\0"
1 0 -1 92 -1 93 -1 -1 0 1 0 0 0 0 0 0 0 1 1 1 132 60 36 0 0 0 -1 -1 2 1
#"\0"
0 -1 1 #"\0"
1 0 -1 92 -1 93 -1 -1 0 1 0 0 0 0 0 0 0 1 1 1 255 0 0 0 0 0 -1 -1 2 36
#"framework:syntax-color:scheme:error\0"
0 -1 1 #"\0"
1 0 -1 92 -1 93 -1 -1 0 1 0 0 0 0 0 0 0 1 1 1 255 0 0 0 0 0 -1 -1 2 1
#"\0"
0 -1 1 #"\0"
1 0 -1 92 -1 93 -1 -1 0 1 0 0 0 0 0 0 0 1 1 1 0 0 0 0 0 0 -1 -1 2 36
#"framework:syntax-color:scheme:other\0"
0 -1 1 #"\0"
1 0 -1 92 -1 93 -1 -1 0 1 0 0 0 0 0 0 0 1 1 1 0 0 0 0 0 0 -1 -1 2 16
#"Misspelled Text\0"
0 -1 1 #"\0"
1 0 -1 -1 -1 -1 -1 -1 0 0 0 0 0 0 0 0 0 1 1 1 0 0 0 0 0 0 -1 -1 2 1
#"\0"
0 -1 1 #"\0"
1 0 -1 92 -1 93 -1 -1 0 1 0 0 0 0 0 0 0 1 1 1 81 112 203 0 0 0 -1 -1 2
38 #"drracket:check-syntax:lexically-bound\0"
0 -1 1 #"\0"
1 0 -1 92 -1 93 -1 -1 0 1 0 0 0 0 0 0 0 1 1 1 81 112 203 0 0 0 -1 -1 2 1
#"\0"
0 -1 1 #"\0"
1 0 -1 92 -1 93 -1 -1 0 1 0 0 0 0 0 0 0 1 1 1 178 34 34 0 0 0 -1 -1 2 28
#"drracket:check-syntax:set!d\0"
0 -1 1 #"\0"
1 0 -1 92 -1 93 -1 -1 0 1 0 0 0 0 0 0 0 1 1 1 178 34 34 0 0 0 -1 -1 2 37
#"drracket:check-syntax:unused-require\0"
0 -1 1 #"\0"
1 0 -1 92 -1 93 -1 -1 0 1 0 0 0 0 0 0 0 1 1 1 255 0 0 0 0 0 -1 -1 2 36
#"drracket:check-syntax:free-variable\0"
0 -1 1 #"\0"
1 0 -1 92 -1 93 -1 -1 0 1 0 0 0 0 0 0 0 1 1 1 255 0 0 0 0 0 -1 -1 2 1
#"\0"
0 -1 1 #"\0"
1 0 -1 92 -1 93 -1 -1 0 1 0 0 0 0 0 0 0 1 1 1 68 0 203 0 0 0 -1 -1 2 31
#"drracket:check-syntax:imported\0"
0 -1 1 #"\0"
1 0 -1 92 -1 93 -1 -1 0 1 0 0 0 0 0 0 0 1 1 1 68 0 203 0 0 0 -1 -1 2 47
#"drracket:check-syntax:my-obligation-style-pref\0"
0 -1 1 #"\0"
1 0 -1 92 -1 93 -1 -1 0 1 0 0 0 0 0 0 0 1 1 1 178 34 34 0 0 0 -1 -1 2 1
#"\0"
0 -1 1 #"\0"
1 0 -1 92 -1 93 -1 -1 0 1 0 0 0 0 0 0 0 1 1 1 0 116 0 0 0 0 -1 -1 2 50
#"drracket:check-syntax:their-obligation-style-pref\0"
0 -1 1 #"\0"
1 0 -1 92 -1 93 -1 -1 0 1 0 0 0 0 0 0 0 1 1 1 0 116 0 0 0 0 -1 -1 2 48
#"drracket:check-syntax:unk-obligation-style-pref\0"
0 -1 1 #"\0"
1 0 -1 92 -1 93 -1 -1 0 1 0 0 0 0 0 0 0 1 1 1 0 0 0 0 0 0 -1 -1 2 1
#"\0"
0 -1 1 #"\0"
1 0 -1 92 -1 93 -1 -1 0 1 0 0 0 0 0 0 0 1 1 1 139 142 28 0 0 0 -1 -1 2
49 #"drracket:check-syntax:both-obligation-style-pref\0"
0 -1 1 #"\0"
1 0 -1 92 -1 93 -1 -1 0 1 0 0 0 0 0 0 0 1 1 1 139 142 28 0 0 0 -1 -1 2
26 #"plt:htdp:test-coverage-on\0"
0 -1 1 #"\0"
1 0 -1 92 -1 93 -1 -1 0 1 0 0 0 0 0 0 0 1 1 1 0 0 0 0 0 0 -1 -1 2 1
#"\0"
0 -1 1 #"\0"
1 0 -1 92 -1 93 -1 -1 0 1 0 0 0 1 0 0 0 0 0 0 255 165 0 0 0 0 -1 -1 2 27
#"plt:htdp:test-coverage-off\0"
0 -1 1 #"\0"
1 0 -1 92 -1 93 -1 -1 0 1 0 0 0 1 0 0 0 0 0 0 255 165 0 0 0 0 -1 -1 4 1
#"\0"
0 70 1 #"\0"
1.0 0 -1 -1 -1 -1 -1 -1 0 0 0 0 0 0 1.0 1.0 1.0 1.0 1.0 1.0 0 0 0 0 0 0
-1 -1 4 4 #"XML\0"
0 70 1 #"\0"
1.0 0 -1 -1 -1 -1 -1 -1 0 0 0 0 0 0 1.0 1.0 1.0 1.0 1.0 1.0 0 0 0 0 0 0
-1 -1 2 37 #"plt:module-language:test-coverage-on\0"
0 -1 1 #"\0"
1 0 -1 92 -1 93 -1 -1 0 1 0 0 0 0 0 0 0 1 1 1 0 0 0 0 0 0 -1 -1 2 38
#"plt:module-language:test-coverage-off\0"
0 -1 1 #"\0"
1 0 -1 92 -1 93 -1 -1 0 1 0 0 0 1 0 0 0 0 0 0 255 165 0 0 0 0 -1 -1 4 1
#"\0"
0 71 1 #"\0"
1.0 0 -1 -1 -1 -1 -1 -1 0 0 0 0 0 0 1.0 1.0 1.0 1.0 1.0 1.0 0 0 0 0 0 0
-1 -1 4 1 #"\0"
0 -1 1 #"\0"
1.0 0 -1 -1 -1 -1 -1 -1 1 0 0 0 0 0 0 0 0 1.0 1.0 1.0 0 0 255 0 0 0 -1
-1 4 1 #"\0"
0 71 1 #"\0"
1.0 0 -1 -1 -1 -1 -1 -1 1 0 0 0 0 0 0 0 0 1.0 1.0 1.0 0 0 255 0 0 0 -1
-1 4 1 #"\0"
0 71 1 #"\0"
1.0 0 -1 -1 -1 -1 -1 -1 0 0 0 0 0 0 0 0 0 1.0 1.0 1.0 0 100 0 0 0 0 -1
-1 0 1 #"\0"
0 75 10 #"Monospace\0"
0.0 12 90 -1 90 -1 3 -1 0 1 0 1 0 0 0.0 0.0 0.0 0.0 0.0 0.0 0 0 0 255
255 255 1 -1 2 1 #"\0"
0 -1 1 #"\0"
1.0 0 -1 -1 -1 -1 -1 -1 0 0 0 0 0 1 0.0 0.0 0.0 0.0 0.0 0.0 0 0 0 255
255 255 -1 -1 2 1 #"\0"
0 -1 1 #"\0"
1.0 0 -1 92 -1 93 -1 -1 0 1 0 0 0 0 0.0 0.0 0.0 1.0 1.0 1.0 150 0 150 0
0 0 -1 -1 2 1 #"\0"
0 -1 1 #"\0"
1.0 0 -1 92 93 -1 -1 -1 0 1 0 0 0 0 0.0 0.0 0.0 1.0 1.0 1.0 255 0 0 0 0
0 -1 -1 2 1 #"\0"
0 -1 1 #"\0"
1.0 0 -1 92 -1 93 -1 -1 0 1 0 0 0 0 0.0 0.0 0.0 1.0 1.0 1.0 0 0 175 0 0
0 -1 -1 2 1 #"\0"
0 -1 1 #"\0"
1.0 0 -1 -1 -1 -1 -1 -1 0 0 0 0 0 0 0.0 0.0 0.0 1.0 1.0 1.0 0 0 0 0 0 0
-1 -1 2 1 #"\0"
0 -1 1 #"\0"
1.0 0 -1 -1 -1 -1 -1 -1 0 0 0 0 0 0 0.0 0.0 0.0 1.0 1.0 1.0 200 0 0 0 0
0 -1 -1 4 1 #"\0"
0 -1 1 #"\0"
1.0 0 92 -1 -1 -1 -1 -1 0 0 0 0 0 1 0.0 0.0 0.0 0.0 0.0 0.0 0 0 0 255
255 0 -1 -1 0 1 #"\0"
0 -1 1 #"\0"
0.0 11 -1 -1 -1 -1 -1 -1 0 0 0 0 0 0 1.0 1.0 1.0 1.0 1.0 1.0 0 0 0 0 0 0
-1 -1 2 1 #"\0"
0 -1 1 #"\0"
0.0 11 -1 -1 -1 -1 -1 -1 0 0 0 0 0 0 1.0 1.0 1.0 1.0 1.0 1.0 0 0 0 0 0 0
-1 -1 17 1 #"\0"
0 -1 1 #"\0"
1.0 0 -1 -1 -1 -1 -1 -1 0 0 0 0 1 0 0.0 0.0 0.0 0.0 0.0 0.0 0 0 0 255
255 255 -1 -1 24 1 #"\0"
0 -1 1 #"\0"
1.0 0 -1 -1 -1 -1 -1 -1 0 0 0 0 1 0 0.0 0.0 0.0 0.0 0.0 0.0 0 0 0 255
255 255 -1 -1 15 1 #"\0"
0 -1 1 #"\0"
1.0 0 -1 -1 -1 -1 -1 -1 0 0 0 0 1 0 0.0 0.0 0.0 0.0 0.0 0.0 0 0 0 255
255 255 -1 -1 14 1 #"\0"
0 -1 1 #"\0"
1.0 0 -1 -1 -1 -1 -1 -1 0 0 0 0 1 0 0.0 0.0 0.0 0.0 0.0 0.0 0 0 0 255
255 255 -1 -1 4 1 #"\0"
0 -1 1 #"\0"
1.0 0 -1 -1 -1 -1 -1 -1 0 0 0 0 1 0 0.0 0.0 0.0 0.0 0.0 0.0 0 0 0 255
255 255 -1 -1 44 1 #"\0"
0 -1 1 #"\0"
1.0 0 -1 -1 -1 -1 -1 -1 0 0 0 0 1 0 0.0 0.0 0.0 0.0 0.0 0.0 0 0 0 255
255 255 -1 -1 46 1 #"\0"
0 -1 1 #"\0"
1.0 0 -1 -1 -1 -1 -1 -1 0 0 0 0 1 0 0.0 0.0 0.0 0.0 0.0 0.0 0 0 0 255
255 255 -1 -1 2 1 #"\0"
0 -1 1 #"\0"
1.0 0 -1 -1 -1 -1 -1 -1 1 0 0 0 0 0 1.0 1.0 1.0 1.0 1.0 1.0 0 0 0 0 0 0
-1 -1 2 1 #"\0"
0 -1 1 #"\0"
1.0 0 -1 -1 -1 -1 -1 -1 1 0 0 0 0 0 0.0 0.0 0.0 1.0 1.0 1.0 65 105 225 0
0 0 -1 -1           0 609 0 4 3 85
(
 #";; The first three lines of this file were inserted by DrRacket. The"
 #"y record metadata"
) 0 0 4 29 1 #"\n"
0 0 4 3 85
(
 #";; about the language level of this file in a form that our tools ca"
 #"n easily process."
) 0 0 4 29 1 #"\n"
0 0 4 3 230
(
 #"#reader(lib \"htdp-beginner-reader.ss\" \"lang\")((modname How-To-De"
 #"sign-Programs:Designing-World-Programs_happiness-gauge) (read-case-s"
 #"ensitive #t) (teachpacks ()) (htdp-settings #(#t constructor repeati"
 #"ng-decimal #f #t none #f ())))"
) 0 0 4 29 1 #"\n"
0 0 24 3 1 #"("
0 0 15 3 7 #"require"
0 0 24 3 1 #" "
0 0 14 3 11 #"2htdp/image"
0 0 24 3 1 #")"
0 0 24 29 1 #"\n"
0 0 24 3 1 #"("
0 0 15 3 7 #"require"
0 0 24 3 1 #" "
0 0 14 3 14 #"2htdp/universe"
0 0 24 3 1 #")"
0 0 24 29 1 #"\n"
0 0 24 29 1 #"\n"
0 0 24 29 1 #"\n"
0 0 24 29 1 #"\n"
0 7         829 69           0 0           0 137 0 14 3 8 #"Exercise"
0 0 24 3 1 #" "
0 0 21 3 3 #"45."
0 0 24 3 1 #" "
0 0 14 3 6 #"Design"
0 0 24 3 1 #" "
0 0 14 3 1 #"a"
0 0 24 3 1 #" "
0 0 14 3 5 #"world"
0 0 24 3 1 #" "
0 0 14 3 7 #"program"
0 0 24 3 1 #" "
0 0 14 3 4 #"that"
0 0 24 3 1 #" "
0 0 14 3 9 #"maintains"
0 0 24 3 1 #" "
0 0 14 3 3 #"and"
0 0 24 3 1 #" "
0 0 14 3 8 #"displays"
0 0 24 3 1 #" "
0 0 14 3 1 #"a"
0 0 24 3 1 #" "
0 0 14 3 12 #"\342\200\234happiness"
0 0 24 3 1 #" "
0 0 14 3 8 #"gauge\342\200\235"
0 0 24 3 1 #" "
0 0 14 3 4 #"over"
0 0 24 3 1 #" "
0 0 14 3 4 #"some"
0 0 24 3 1 #" "
0 0 14 3 9 #"specified"
0 0 24 3 1 #" "
0 0 14 3 6 #"period"
0 0 24 3 1 #" "
0 0 14 3 2 #"of"
0 0 24 3 1 #" "
0 0 14 3 5 #"time."
0 0 24 29 1 #"\n"
0 0 14 3 4 #"With"
0 0 24 3 1 #" "
0 0 14 3 4 #"each"
0 0 24 3 1 #" "
0 0 14 3 5 #"clock"
0 0 24 3 1 #" "
0 0 14 3 4 #"tick"
0 0 28 3 1 #","
0 0 24 3 1 #" "
0 0 14 3 9 #"happiness"
0 0 24 3 1 #" "
0 0 14 3 9 #"decreases"
0 0 24 3 1 #" "
0 0 14 3 2 #"by"
0 0 24 3 1 #" "
0 0 21 3 4 #"-0.1"
0 0 28 3 1 #","
0 0 24 3 1 #" "
0 0 14 3 8 #"starting"
0 0 24 3 1 #" "
0 0 14 3 4 #"with"
0 0 24 3 1 #" "
0 0 21 3 3 #"100"
0 0 28 3 1 #","
0 0 24 3 1 #" "
0 0 24 29 1 #"\n"
0 0 14 3 3 #"the"
0 0 24 3 1 #" "
0 0 14 3 7 #"maximum"
0 0 24 3 1 #" "
0 0 14 3 5 #"score"
0 0 24 3 1 #" "
0 0 14 3 2 #"it"
0 0 24 3 1 #" "
0 0 14 3 5 #"never"
0 0 24 3 1 #" "
0 0 14 3 5 #"falls"
0 0 24 3 1 #" "
0 0 14 3 5 #"below"
0 0 24 3 1 #" "
0 0 21 3 1 #"0"
0 0 28 3 1 #","
0 0 24 3 1 #" "
0 0 14 3 3 #"the"
0 0 24 3 1 #" "
0 0 14 3 7 #"minimum"
0 0 24 3 1 #" "
0 0 14 3 9 #"happiness"
0 0 24 3 1 #" "
0 0 14 3 6 #"score."
0 0 24 3 1 #" "
0 0 24 29 1 #"\n"
0 0 14 3 5 #"Every"
0 0 24 3 1 #" "
0 0 14 3 4 #"time"
0 0 24 3 1 #" "
0 0 14 3 3 #"the"
0 0 24 3 1 #" "
0 0 14 3 4 #"down"
0 0 24 3 1 #" "
0 0 14 3 5 #"arrow"
0 0 24 3 1 #" "
0 0 14 3 3 #"key"
0 0 24 3 1 #" "
0 0 14 3 2 #"is"
0 0 24 3 1 #" "
0 0 14 3 7 #"pressed"
0 0 28 3 1 #","
0 0 24 3 1 #" "
0 0 14 3 9 #"happiness"
0 0 24 3 1 #" "
0 0 14 3 9 #"increases"
0 0 24 3 1 #" "
0 0 14 3 2 #"by"
0 0 24 3 1 #" "
0 0 21 3 3 #"1/5"
0 0 24 3 1 #" "
0 0 14 3 5 #"every"
0 0 24 3 1 #" "
0 0 14 3 4 #"time"
0 0 24 3 1 #" "
0 0 14 3 3 #"the"
0 0 24 3 1 #" "
0 0 14 3 2 #"up"
0 0 24 3 1 #" "
0 0 14 3 5 #"arrow"
0 0 24 3 1 #" "
0 0 14 3 2 #"is"
0 0 24 3 1 #" "
0 0 14 3 7 #"pressed"
0 0 28 3 1 #","
0 0 24 29 1 #"\n"
0 0 14 3 9 #"happiness"
0 0 24 3 1 #" "
0 0 14 3 5 #"jumps"
0 0 24 3 1 #" "
0 0 14 3 2 #"by"
0 0 24 3 1 #" "
0 0 14 3 4 #"1/3."
0           0 0 0 24 29 1 #"\n"
0 0 24 29 1 #"\n"
0 0 17 3 59
(
 #";; \342\200\234happiness gauge\342\200\235 over some specified perio"
 #"d of time"
) 0 0 24 29 1 #"\n"
0 0 24 29 1 #"\n"
0 0 17 3 20 #";; ================="
0 0 24 29 1 #"\n"
0 0 17 3 13 #";; Constants:"
0 0 24 29 1 #"\n"
0 0 24 3 1 #"("
0 0 15 3 6 #"define"
0 0 24 3 1 #" "
0 0 14 3 6 #"HEIGHT"
0 0 24 3 1 #" "
0 0 21 3 3 #"400"
0 0 24 3 1 #")"
0 0 24 29 1 #"\n"
0 0 24 3 1 #"("
0 0 15 3 6 #"define"
0 0 24 3 1 #" "
0 0 14 3 5 #"WIDTH"
0 0 24 3 1 #" "
0 0 21 3 3 #"400"
0 0 24 3 1 #")"
0 0 24 29 1 #"\n"
0 0 24 29 1 #"\n"
0 0 24 3 1 #"("
0 0 15 3 6 #"define"
0 0 24 3 1 #" "
0 0 14 3 3 #"MAX"
0 0 24 3 1 #" "
0 0 21 3 3 #"100"
0 0 24 3 1 #")"
0 0 24 29 1 #"\n"
0 0 24 3 1 #"("
0 0 15 3 6 #"define"
0 0 24 3 1 #" "
0 0 14 3 3 #"MIN"
0 0 24 3 1 #" "
0 0 21 3 1 #"0"
0 0 24 3 1 #")"
0 0 24 29 1 #"\n"
0 0 24 3 1 #"("
0 0 15 3 6 #"define"
0 0 24 3 1 #" "
0 0 14 3 5 #"SCALE"
0 0 24 3 2 #" ("
0 0 14 3 1 #"/"
0 0 24 3 1 #" "
0 0 14 3 6 #"HEIGHT"
0 0 24 3 1 #" "
0 0 14 3 3 #"MAX"
0 0 24 3 2 #"))"
0 0 24 29 1 #"\n"
0 0 24 3 1 #"("
0 0 15 3 6 #"define"
0 0 24 3 1 #" "
0 0 14 3 6 #"FACTOR"
0 0 24 3 1 #" "
0 0 21 3 3 #"0.1"
0 0 24 3 1 #")"
0 0 24 29 1 #"\n"
0 0 24 3 1 #"("
0 0 15 3 6 #"define"
0 0 24 3 1 #" "
0 0 14 3 8 #"INC-DOWN"
0 0 24 3 1 #" "
0 0 21 3 3 #"1/5"
0 0 24 3 1 #")"
0 0 24 29 1 #"\n"
0 0 24 3 1 #"("
0 0 15 3 6 #"define"
0 0 24 3 1 #" "
0 0 14 3 6 #"INC-UP"
0 0 24 3 1 #" "
0 0 21 3 3 #"1/3"
0 0 24 3 1 #")"
0 0 24 29 1 #"\n"
0 0 24 29 1 #"\n"
0 0 24 3 1 #"("
0 0 15 3 6 #"define"
0 0 24 3 1 #" "
0 0 14 3 3 #"MTS"
0 0 24 3 2 #" ("
0 0 14 3 11 #"empty-scene"
0 0 24 3 1 #" "
0 0 14 3 5 #"WIDTH"
0 0 24 3 1 #" "
0 0 14 3 6 #"HEIGHT"
0 0 24 3 2 #"))"
0 0 24 29 1 #"\n"
0 0 24 29 1 #"\n"
0 0 17 3 20 #";; ================="
0 0 24 29 1 #"\n"
0 0 17 3 20 #";; Data definitions:"
0 0 24 29 1 #"\n"
0 0 24 29 1 #"\n"
0 0 17 3 29 #";; Happiness is Number[0,100]"
0 0 24 29 1 #"\n"
0 0 17 3 43 #";; interp. the current state of happiness. "
0 0 24 29 1 #"\n"
0 0 24 3 1 #"("
0 0 15 3 6 #"define"
0 0 24 3 1 #" "
0 0 14 3 2 #"H1"
0 0 24 3 1 #" "
0 0 14 3 3 #"MIN"
0 0 24 3 16 #")               "
0 0 17 3 8 #";unhappy"
0 0 24 29 1 #"\n"
0 0 24 3 1 #"("
0 0 15 3 6 #"define"
0 0 24 3 1 #" "
0 0 14 3 2 #"H2"
0 0 24 3 2 #" ("
0 0 14 3 1 #"/"
0 0 24 3 2 #" ("
0 0 14 3 1 #"+"
0 0 24 3 1 #" "
0 0 14 3 3 #"MIN"
0 0 24 3 1 #" "
0 0 14 3 3 #"MAX"
0 0 24 3 2 #") "
0 0 21 3 1 #"2"
0 0 24 3 3 #")) "
0 0 17 3 6 #";happy"
0 0 24 29 1 #"\n"
0 0 24 3 1 #"("
0 0 15 3 6 #"define"
0 0 24 3 1 #" "
0 0 14 3 2 #"H3"
0 0 24 3 1 #" "
0 0 14 3 3 #"MAX"
0 0 24 3 16 #")               "
0 0 17 3 11 #";vary happy"
0 0 24 29 1 #"\n"
0 0 24 29 1 #"\n"
0 0 17 3 2 #"#;"
0 0 24 29 1 #"\n"
0 0 24 3 1 #"("
0 0 15 3 6 #"define"
0 0 24 3 2 #" ("
0 0 14 3 16 #"fn-for-happiness"
0 0 24 3 1 #" "
0 0 14 3 1 #"h"
0 0 24 3 1 #")"
0 0 24 29 1 #"\n"
0 0 24 3 3 #"  ("
0 0 14 3 3 #"..."
0 0 24 3 1 #" "
0 0 14 3 1 #"h"
0 0 24 3 2 #"))"
0 0 24 29 1 #"\n"
0 0 24 29 1 #"\n"
0 0 17 3 23 #";; Template rules used:"
0 0 24 29 1 #"\n"
0 0 17 3 41 #";;  - atomic non-distinct: Number[0, 100]"
0 0 24 29 1 #"\n"
0 0 24 29 1 #"\n"
0 0 17 3 20 #";; ================="
0 0 24 29 1 #"\n"
0 0 17 3 13 #";; Functions:"
0 0 24 29 1 #"\n"
0 0 24 29 1 #"\n"
0 0 17 3 25 #";; Happiness -> Happiness"
0 0 24 29 1 #"\n"
0 0 17 3 34 #";; start the world with (main MAX)"
0 0 24 29 1 #"\n"
0 0 17 3 3 #";; "
0 0 24 29 1 #"\n"
0 0 24 3 1 #"("
0 0 15 3 6 #"define"
0 0 24 3 2 #" ("
0 0 14 3 4 #"main"
0 0 24 3 1 #" "
0 0 14 3 1 #"h"
0 0 24 3 1 #")"
0 0 24 29 1 #"\n"
0 0 24 3 3 #"  ("
0 0 14 3 8 #"big-bang"
0 0 24 3 1 #" "
0 0 14 3 1 #"h"
0 0 24 3 20 #"                    "
0 0 17 3 11 #"; Happiness"
0 0 24 29 1 #"\n"
0 0 24 3 13 #"            ("
0 0 14 3 7 #"on-tick"
0 0 24 3 3 #"   "
0 0 14 3 4 #"tock"
0 0 24 3 6 #")     "
0 0 17 3 24 #"; Happiness -> Happiness"
0 0 24 29 1 #"\n"
0 0 24 3 13 #"            ("
0 0 14 3 7 #"to-draw"
0 0 24 3 3 #"   "
0 0 14 3 6 #"render"
0 0 24 3 4 #")   "
0 0 17 3 20 #"; Happiness -> Image"
0 0 24 29 1 #"\n"
0 0 24 3 12 #"            "
0 0 17 3 44 #";(stop-when ...)      ; Happiness -> Boolean"
0 0 24 29 1 #"\n"
0 0 24 3 12 #"            "
0 0 17 3 73
(
 #";(on-mouse  ...)      ; Happiness Integer Integer MouseEvent -> Happ"
 #"iness"
) 0 0 24 29 1 #"\n"
0 0 24 3 13 #"            ("
0 0 14 3 6 #"on-key"
0 0 24 3 4 #"    "
0 0 14 3 10 #"handle-key"
0 0 24 3 7 #")))    "
0 0 17 3 33 #"; Happiness KeyEvent -> Happiness"
0 0 24 29 1 #"\n"
0 0 24 29 1 #"\n"
0 0 17 3 25 #";; Happiness -> Happiness"
0 0 24 29 1 #"\n"
0 0 17 3 33 #";; happiness decreases by -FACTOR"
0 0 17 3 11 #" every tick"
0 0 24 29 1 #"\n"
0 0 24 3 1 #"("
0 0 14 3 12 #"check-expect"
0 0 24 3 2 #" ("
0 0 14 3 4 #"tock"
0 0 24 3 1 #" "
0 0 14 3 3 #"MIN"
0 0 24 3 2 #") "
0 0 14 3 3 #"MIN"
0 0 24 3 1 #")"
0 0 24 29 1 #"\n"
0 0 17 3 28 #";(check-expect (tock -FACTOR"
0 0 17 3 6 #") MIN)"
0 0 24 29 1 #"\n"
0 0 24 3 1 #"("
0 0 14 3 12 #"check-expect"
0 0 24 3 2 #" ("
0 0 14 3 4 #"tock"
0 0 24 3 1 #" "
0 0 21 3 2 #"50"
0 0 24 3 2 #") "
0 0 21 3 4 #"49.9"
0 0 24 3 1 #")"
0 0 24 29 1 #"\n"
0 0 24 3 1 #"("
0 0 14 3 12 #"check-expect"
0 0 24 3 2 #" ("
0 0 14 3 4 #"tock"
0 0 24 3 1 #" "
0 0 14 3 3 #"MAX"
0 0 24 3 3 #") ("
0 0 14 3 1 #"-"
0 0 24 3 1 #" "
0 0 14 3 3 #"MAX"
0 0 24 3 1 #" "
0 0 14 3 6 #"FACTOR"
0 0 24 3 2 #"))"
0 0 24 29 1 #"\n"
0 0 24 3 1 #"("
0 0 14 3 12 #"check-expect"
0 0 24 3 2 #" ("
0 0 14 3 4 #"tock"
0 0 24 3 2 #" ("
0 0 14 3 1 #"+"
0 0 24 3 1 #" "
0 0 14 3 3 #"MAX"
0 0 24 3 1 #" "
0 0 21 3 1 #"1"
0 0 24 3 4 #")) ("
0 0 14 3 1 #"-"
0 0 24 3 1 #" "
0 0 14 3 3 #"MAX"
0 0 24 3 1 #" "
0 0 14 3 6 #"FACTOR"
0 0 24 3 2 #"))"
0 0 24 29 1 #"\n"
0 0 24 29 1 #"\n"
0 0 17 3 26 #";(define (tock h) 0) ;stub"
0 0 24 29 1 #"\n"
0 0 24 29 1 #"\n"
0 0 24 3 1 #"("
0 0 15 3 6 #"define"
0 0 24 3 2 #" ("
0 0 14 3 4 #"tock"
0 0 24 3 1 #" "
0 0 14 3 1 #"h"
0 0 24 3 1 #")"
0 0 24 29 1 #"\n"
0 0 24 3 3 #"  ("
0 0 15 3 4 #"cond"
0 0 24 3 2 #"[("
0 0 14 3 2 #"<="
0 0 24 3 1 #" "
0 0 14 3 1 #"h"
0 0 24 3 1 #" "
0 0 14 3 3 #"MIN"
0 0 24 3 2 #") "
0 0 14 3 3 #"MIN"
0 0 24 3 1 #"]"
0 0 24 29 1 #"\n"
0 0 24 3 9 #"       [("
0 0 14 3 2 #">="
0 0 24 3 1 #" "
0 0 14 3 1 #"h"
0 0 24 3 1 #" "
0 0 14 3 3 #"MAX"
0 0 24 3 3 #") ("
0 0 14 3 1 #"-"
0 0 24 3 1 #" "
0 0 14 3 3 #"MAX"
0 0 24 3 1 #" "
0 0 14 3 6 #"FACTOR"
0 0 24 3 2 #")]"
0 0 24 29 1 #"\n"
0 0 24 3 8 #"       ["
0 0 14 3 4 #"else"
0 0 24 29 1 #"\n"
0 0 24 3 9 #"        ("
0 0 14 3 1 #"-"
0 0 24 3 1 #" "
0 0 14 3 1 #"h"
0 0 24 3 1 #" "
0 0 14 3 6 #"FACTOR"
0 0 24 3 4 #")]))"
0 0 24 29 1 #"\n"
0 0 24 29 1 #"\n"
0 0 24 29 1 #"\n"
0 0 17 3 21 #";; Happiness -> Image"
0 0 24 29 1 #"\n"
0 0 17 3 37 #";; render hapiness value as rectangle"
0 0 24 29 1 #"\n"
0 0 24 3 1 #"("
0 0 14 3 12 #"check-expect"
0 0 24 3 2 #" ("
0 0 14 3 6 #"render"
0 0 24 3 1 #" "
0 0 14 3 3 #"MIN"
0 0 24 3 3 #") ("
0 0 14 3 17 #"place-image/align"
0 0 24 3 2 #" ("
0 0 14 3 5 #"frame"
0 0 24 3 2 #" ("
0 0 14 3 9 #"rectangle"
0 0 24 3 1 #" "
0 0 14 3 5 #"WIDTH"
0 0 24 3 2 #" ("
0 0 14 3 1 #"*"
0 0 24 3 1 #" "
0 0 14 3 3 #"MIN"
0 0 24 3 1 #" "
0 0 14 3 5 #"SCALE"
0 0 24 3 2 #") "
0 0 19 3 7 #"\"solid\""
0 0 24 3 1 #" "
0 0 19 3 5 #"\"red\""
0 0 24 3 3 #")) "
0 0 21 3 1 #"0"
0 0 24 3 1 #" "
0 0 14 3 6 #"HEIGHT"
0 0 24 3 1 #" "
0 0 19 3 6 #"\"left\""
0 0 24 3 1 #" "
0 0 19 3 8 #"\"bottom\""
0 0 24 3 1 #" "
0 0 14 3 3 #"MTS"
0 0 24 3 2 #"))"
0 0 24 29 1 #"\n"
0 0 24 3 1 #"("
0 0 14 3 12 #"check-expect"
0 0 24 3 2 #" ("
0 0 14 3 6 #"render"
0 0 24 3 1 #" "
0 0 14 3 3 #"MAX"
0 0 24 3 3 #") ("
0 0 14 3 17 #"place-image/align"
0 0 24 3 2 #" ("
0 0 14 3 5 #"frame"
0 0 24 3 2 #" ("
0 0 14 3 9 #"rectangle"
0 0 24 3 1 #" "
0 0 14 3 5 #"WIDTH"
0 0 24 3 2 #" ("
0 0 14 3 1 #"*"
0 0 24 3 1 #" "
0 0 14 3 3 #"MAX"
0 0 24 3 1 #" "
0 0 14 3 5 #"SCALE"
0 0 24 3 2 #") "
0 0 19 3 7 #"\"solid\""
0 0 24 3 1 #" "
0 0 19 3 5 #"\"red\""
0 0 24 3 3 #")) "
0 0 21 3 1 #"0"
0 0 24 3 1 #" "
0 0 14 3 6 #"HEIGHT"
0 0 24 3 1 #" "
0 0 19 3 6 #"\"left\""
0 0 24 3 1 #" "
0 0 19 3 8 #"\"bottom\""
0 0 24 3 1 #" "
0 0 14 3 3 #"MTS"
0 0 24 3 2 #"))"
0 0 24 29 1 #"\n"
0 0 24 3 1 #"("
0 0 14 3 12 #"check-expect"
0 0 24 3 2 #" ("
0 0 14 3 6 #"render"
0 0 24 3 1 #" "
0 0 21 3 2 #"50"
0 0 24 3 4 #")  ("
0 0 14 3 17 #"place-image/align"
0 0 24 3 2 #" ("
0 0 14 3 5 #"frame"
0 0 24 3 2 #" ("
0 0 14 3 9 #"rectangle"
0 0 24 3 1 #" "
0 0 14 3 5 #"WIDTH"
0 0 24 3 2 #" ("
0 0 14 3 1 #"*"
0 0 24 3 1 #" "
0 0 21 3 2 #"50"
0 0 24 3 1 #" "
0 0 14 3 5 #"SCALE"
0 0 24 3 2 #") "
0 0 19 3 7 #"\"solid\""
0 0 24 3 1 #" "
0 0 19 3 5 #"\"red\""
0 0 24 3 2 #"))"
0 0 21 3 1 #"0"
0 0 24 3 1 #" "
0 0 14 3 6 #"HEIGHT"
0 0 24 3 1 #" "
0 0 19 3 6 #"\"left\""
0 0 24 3 1 #" "
0 0 19 3 8 #"\"bottom\""
0 0 24 3 1 #" "
0 0 14 3 3 #"MTS"
0 0 24 3 2 #"))"
0 0 24 29 1 #"\n"
0 0 24 29 1 #"\n"
0 0 17 3 30 #";(define (render h) MTS) ;stub"
0 0 24 29 1 #"\n"
0 0 24 29 1 #"\n"
0 0 24 3 1 #"("
0 0 15 3 6 #"define"
0 0 24 3 2 #" ("
0 0 14 3 6 #"render"
0 0 24 3 1 #" "
0 0 14 3 1 #"h"
0 0 24 3 1 #")"
0 0 24 29 1 #"\n"
0 0 24 3 3 #"  ("
0 0 14 3 17 #"place-image/align"
0 0 24 3 2 #" ("
0 0 14 3 5 #"frame"
0 0 24 3 1 #"("
0 0 14 3 9 #"rectangle"
0 0 24 3 1 #" "
0 0 14 3 5 #"WIDTH"
0 0 24 3 2 #" ("
0 0 14 3 1 #"*"
0 0 24 3 1 #" "
0 0 14 3 1 #"h"
0 0 24 3 1 #" "
0 0 14 3 5 #"SCALE"
0 0 24 3 2 #") "
0 0 19 3 7 #"\"solid\""
0 0 24 3 1 #" "
0 0 19 3 5 #"\"red\""
0 0 24 3 3 #")) "
0 0 21 3 1 #"0"
0 0 24 3 1 #" "
0 0 14 3 6 #"HEIGHT"
0 0 24 3 1 #" "
0 0 19 3 6 #"\"left\""
0 0 24 3 1 #" "
0 0 19 3 8 #"\"bottom\""
0 0 24 3 1 #" "
0 0 14 3 3 #"MTS"
0 0 24 3 2 #"))"
0 0 24 29 1 #"\n"
0 0 24 29 1 #"\n"
0 0 17 3 31 #";;Happiness KeyEvent->Happiness"
0 0 24 29 1 #"\n"
0 0 17 3 2 #";;"
0 0 17 3 5 #"Every"
0 0 17 3 1 #" "
0 0 17 3 4 #"time"
0 0 17 3 1 #" "
0 0 17 3 3 #"the"
0 0 17 3 1 #" "
0 0 17 3 4 #"down"
0 0 17 3 1 #" "
0 0 17 3 84
(
 #"arrow key is pressed, happiness increases by 1/5 every time the up a"
 #"rrow is pressed,"
) 0 0 24 29 1 #"\n"
0 0 17 3 25 #";;happiness jumps by 1/3."
0 0 24 29 1 #"\n"
0 0 24 3 1 #"("
0 0 14 3 12 #"check-expect"
0 0 24 3 2 #" ("
0 0 14 3 10 #"handle-key"
0 0 24 3 1 #" "
0 0 21 3 2 #"10"
0 0 24 3 1 #" "
0 0 19 3 3 #"\" \""
0 0 24 3 2 #") "
0 0 21 3 2 #"10"
0 0 24 3 1 #")"
0 0 24 29 1 #"\n"
0 0 24 3 1 #"("
0 0 14 3 12 #"check-expect"
0 0 24 3 2 #" ("
0 0 14 3 10 #"handle-key"
0 0 24 3 1 #" "
0 0 21 3 2 #"10"
0 0 24 3 1 #" "
0 0 19 3 6 #"\"down\""
0 0 24 3 3 #") ("
0 0 14 3 1 #"+"
0 0 24 3 1 #" "
0 0 21 3 2 #"10"
0 0 24 3 1 #" "
0 0 14 3 8 #"INC-DOWN"
0 0 24 3 2 #"))"
0 0 24 29 1 #"\n"
0 0 24 3 1 #"("
0 0 14 3 12 #"check-expect"
0 0 24 3 2 #" ("
0 0 14 3 10 #"handle-key"
0 0 24 3 1 #" "
0 0 21 3 2 #"10"
0 0 24 3 1 #" "
0 0 19 3 4 #"\"up\""
0 0 24 3 3 #") ("
0 0 14 3 1 #"+"
0 0 24 3 1 #" "
0 0 21 3 2 #"10"
0 0 24 3 1 #" "
0 0 14 3 6 #"INC-UP"
0 0 24 3 2 #"))"
0 0 24 29 1 #"\n"
0 0 24 29 1 #"\n"
0 0 24 3 1 #"("
0 0 15 3 6 #"define"
0 0 24 3 2 #" ("
0 0 14 3 10 #"handle-key"
0 0 24 3 1 #" "
0 0 14 3 1 #"h"
0 0 24 3 1 #" "
0 0 14 3 2 #"ke"
0 0 24 3 1 #")"
0 0 24 29 1 #"\n"
0 0 24 3 3 #"  ("
0 0 15 3 4 #"cond"
0 0 24 3 3 #" [("
0 0 14 3 5 #"key=?"
0 0 24 3 1 #" "
0 0 14 3 2 #"ke"
0 0 24 3 1 #" "
0 0 19 3 6 #"\"down\""
0 0 24 3 3 #") ("
0 0 14 3 1 #"+"
0 0 24 3 1 #" "
0 0 14 3 1 #"h"
0 0 24 3 1 #" "
0 0 14 3 8 #"INC-DOWN"
0 0 24 3 2 #")]"
0 0 24 29 1 #"\n"
0 0 24 3 10 #"        [("
0 0 14 3 5 #"key=?"
0 0 24 3 1 #" "
0 0 14 3 2 #"ke"
0 0 24 3 1 #" "
0 0 19 3 4 #"\"up\""
0 0 24 3 3 #") ("
0 0 14 3 1 #"+"
0 0 24 3 1 #" "
0 0 14 3 1 #"h"
0 0 24 3 1 #" "
0 0 14 3 6 #"INC-UP"
0 0 24 3 2 #")]"
0 0 24 29 1 #"\n"
0 0 24 3 9 #"        ["
0 0 24 29 1 #"\n"
0 0 24 3 9 #"         "
0 0 14 3 4 #"else"
0 0 24 3 1 #" "
0 0 14 3 1 #"h"
0 0 24 3 3 #"]))"
0 0 24 29 1 #"\n"
0           0
